/* format: a b ==> y=ax-b */
10000
4767 2627
8738 6319
4595 3164
8443 6162
7657 4752
9505 4444
1798 3671
9866 7934
1773 9611
1317 2664
935 533
4724 8347
4866 6984
4479 8337
8351 9053
4989 3907
9462 303
2165 9902
5253 1206
5447 5192
5026 688
144 1528
8177 4177
9606 7640
82 1412
8869 4211
792 1311
8627 323
3385 4624
3920 2846
3750 9986
1765 1342
7226 1990
5345 6299
9784 6250
9067 6722
6759 4527
4925 5379
2961 1775
9335 796
1922 6734
5604 9880
6118 3829
8825 3121
6259 5446
1042 381
6069 2012
8373 3794
3724 398
2382 9029
7415 5241
3555 1290
9842 784
9445 54
1111 3105
656 9084
5339 5268
3712 1492
1412 2116
7535 7855
3447 2955
9383 3652
5704 3643
8573 579
9075 4623
5719 3676
590 1874
1908 4882
5415 1881
7559 4564
4629 676
8163 6672
4883 4836
2918 2974
93 5164
8961 6678
2514 8297
4169 41
959 8662
7352 2438
8675 1950
9470 1122
1093 2085
1668 3732
1754 2976
7127 6560
6112 7494
8008 2213
5524 9955
6144 922
3888 3498
4388 4869
4349 5227
493 3778
4282 9139
678 9865
6635 117
6881 5099
9486 2002
5677 9540
5763 1086
991 346
5571 5596
2036 8725
7846 7282
3965 8200
4881 3691
2586 1895
2999 6363
567 3053
5136 6956
6359 8916
4133 9762
6421 2821
1624 7363
4425 8118
468 3557
2290 2525
1792 8745
9738 8966
7297 7020
2065 6096
8591 9099
7828 189
8909 9428
5350 3561
1056 6156
8863 6091
2481 4038
9224 803
4463 7316
7697 784
3040 8586
7381 2217
7755 9450
2477 2282
2151 5964
1181 2260
9680 9103
8796 2877
9683 1094
6673 8609
3979 969
1485 9199
3742 5099
4560 1276
6575 6679
6007 3205
6649 310
1494 3793
2045 7269
2615 2155
1892 1245
7839 1039
6504 4071
7386 5071
2438 6498
5488 4213
7910 1418
2436 7678
5864 3383
3466 9418
6399 4529
1429 9464
9905 9893
486 6581
7603 1392
3755 7932
8401 8044
4001 7079
4050 1276
1103 6877
7016 1852
2223 2673
1088 6913
4966 9415
5943 9808
1094 1289
3981 9046
6991 8386
1895 3203
170 4183
8438 6643
8393 6216
3123 9592
3777 3510
6615 1363
5197 9402
4194 750
845 369
8821 7643
7886 9054
87 7596
6173 4069
5844 1939
2663 6806
5107 8261
9978 9901
1165 6821
2062 7955
9874 7086
5019 4202
1004 6061
3934 8942
8763 3020
2372 6516
9944 9921
1778 7908
9446 4926
4130 2538
779 5113
4217 6376
4341 3480
5127 8405
8223 6471
4386 5659
4897 6794
1117 2132
4152 4633
4799 7303
5980 516
258 6367
8354 9496
5516 6889
6937 3519
3983 8153
2430 5455
8629 4369
4754 8778
9982 7207
8700 4597
2659 8351
5120 6209
1858 5335
5058 9834
5153 7815
2675 6710
3667 8141
791 3228
3912 1771
7984 8381
9980 8525
2725 9589
6693 755
8356 7998
286 6376
8991 2611
8079 8240
1795 4647
2468 810
2332 64
6560 5333
2869 5569
6615 8821
7225 5012
725 4387
7707 1888
505 8026
6983 9947
4029 8920
4732 4378
1402 1274
5515 8339
9854 5023
5569 9398
7547 9892
7038 5961
6742 6170
5106 689
3469 8615
2684 8410
3183 9775
8712 5260
5222 6774
8653 7502
9475 6593
5629 6366
6962 129
6461 8163
3625 514
3320 5163
4869 8264
4674 2426
5563 8393
8356 7117
7777 738
2033 7816
5971 7031
6506 4191
6708 3893
9141 9471
4723 9427
8511 7914
2372 6838
9874 6949
7220 3580
573 4136
4082 2437
6747 6854
6841 716
8158 3788
6223 7532
8777 478
2504 3749
4142 9053
8849 2532
4731 1113
3117 3582
686 9645
1876 1852
6853 2099
2136 8845
7027 2207
8988 4724
340 4289
4006 6259
9108 3556
5869 9044
8706 292
3643 8272
3798 6892
5302 8199
1584 7234
4515 9669
2629 5864
3604 6280
1671 5785
9919 193
1976 7622
1389 1299
9603 2120
7043 216
4463 1105
3525 9681
2550 4533
8952 4404
6133 1237
7375 8812
4120 2511
3026 5257
2513 4096
6312 9915
2287 9082
480 9099
9453 4618
2505 7632
2256 4819
7247 5344
3076 2051
3990 9026
9796 566
8253 6226
264 1308
9327 5698
6204 6026
175 1473
8674 1902
8020 7651
5589 476
3936 2265
719 9720
3728 4795
9141 4184
4294 6915
594 6083
7647 980
284 5816
3546 5628
9518 4558
737 8481
4784 1488
3701 6465
2951 1473
3505 3758
1145 8292
6125 8073
6350 3089
361 796
9361 4875
1374 4541
4877 9078
6380 973
1694 6731
1198 4238
757 1287
2136 9854
4968 8849
5641 8912
1858 3495
1213 1709
4228 7000
2101 9604
4845 1932
1077 8707
8172 823
3966 1492
180 7394
1462 2365
6181 560
8056 6055
7461 9508
7925 9581
9345 5312
2229 4861
8758 8898
491 6354
5011 1029
6941 2761
9654 6140
5046 249
7253 5493
6493 8187
2788 2762
7732 4180
7233 3024
7155 771
7182 275
7830 6007
5291 7512
7931 3332
75 5869
8129 567
7866 7535
5999 2213
8599 8172
5387 676
9860 3911
5537 9422
3454 5258
6737 1166
8765 5001
2320 1766
7822 6452
4850 46
4488 2282
968 5920
4636 1350
5551 8522
6229 9001
3449 601
9719 2679
4659 9165
6363 5709
9736 741
816 6248
9618 6898
1248 8084
2334 9316
9816 4386
937 7179
1152 5099
8175 4155
2227 3752
4504 303
5616 9344
3425 4344
5617 757
1386 3233
826 970
5120 598
9942 7352
3427 2593
176 8072
7980 8544
4814 9932
2547 1899
1301 6874
843 8501
8643 728
3988 6859
8168 3595
5695 803
2619 5379
1454 4174
2625 4327
7823 3616
9684 6379
9243 5595
786 5617
2623 6401
2077 9912
7426 3095
2649 2672
7000 361
4908 9509
4067 5663
2740 1373
1197 8292
8008 7317
8378 5237
7095 7783
9007 4576
7588 58
5211 8433
9093 9962
5067 9467
6357 6260
9136 2331
6100 5003
5048 3579
3957 9044
8129 9911
3855 6655
7389 6256
6644 5145
5040 1480
3249 2641
6581 1760
3310 3098
5469 6857
3103 9170
4668 418
3644 3395
8152 6567
1564 3159
5137 3743
8927 9225
7552 4137
9861 8087
7411 3964
8202 9551
6028 4007
414 3521
6494 8149
8240 2279
1610 8819
5885 7276
8115 6148
6769 8097
6642 5453
4071 6338
9416 4308
8775 5169
8692 9747
8827 3576
6749 2055
6486 2611
7493 9506
8831 4579
3532 812
1239 4369
6911 6267
7477 2486
8749 1041
4989 1675
8436 4242
7003 412
2633 7626
6891 3826
8389 3404
6637 63
2628 5582
1673 626
3254 1385
3781 103
1739 2835
7994 5459
7817 2568
6148 3402
6775 6893
4414 7165
2656 2406
781 241
1485 5092
2227 5822
1523 656
6489 5286
2544 3310
1018 3528
135 6072
125 8101
5953 7577
1687 6633
9202 2273
8446 3707
5413 2721
2365 9324
9180 447
8739 2040
8061 8990
3949 5177
614 5691
5372 4497
1661 3893
5607 1005
3837 1852
6171 8640
7367 2186
7096 4960
260 2994
3406 1449
7007 8891
9385 2420
3279 1606
4385 66
6118 1283
182 9929
4293 5218
8792 5578
1131 8714
378 1750
2530 7310
5627 710
8766 9325
8818 5841
6274 1603
5326 916
4919 7339
8935 6099
3084 3266
6960 2088
1934 3243
1560 8581
5314 3854
6403 5730
1501 1742
4474 83
3338 4505
3890 3283
2478 9686
8987 2312
2391 9345
4646 7799
374 1706
2165 6246
5797 8272
3525 4953
1107 2083
3740 230
9209 5461
7803 8139
2442 9983
2958 5671
7360 4186
4556 2762
6869 3746
2143 2782
1265 4681
658 8311
5316 7024
2966 7938
8945 5621
7901 7522
1132 5440
7646 927
1261 4135
4236 3027
1699 3129
4459 521
3248 907
8877 6948
2607 621
3162 5901
5725 628
1123 9883
7389 504
929 8937
1055 1224
1370 8383
3527 37
5623 2255
9992 7680
6487 5845
1673 9174
5207 7947
2757 9159
7893 1046
3238 425
2195 3432
6377 2956
9440 8461
3485 8356
5166 8375
783 5245
3036 6715
3530 2602
5674 8678
1839 4662
8396 1741
6108 4318
8291 1296
3020 8156
3072 7818
1613 6873
9884 8856
6864 4589
3130 4484
2954 3464
8587 7179
6542 8033
1869 6684
6508 1818
4324 28
3706 256
6363 8279
3755 2655
6666 3572
3194 6292
2749 6618
1766 9888
3296 1089
5547 7377
6423 8385
8121 9413
5256 467
9439 9374
5967 123
2814 507
7900 6839
7196 5844
7877 3170
6958 1303
1623 6375
692 6327
6423 3702
5887 7170
558 4966
5426 1347
2674 6188
6100 2777
1549 5652
3588 1178
3902 1885
9980 8887
7710 7358
6811 5472
2459 4503
8818 1756
7734 8869
155 3115
6420 3930
9838 4813
4264 1891
3232 7678
263 218
3441 3688
8254 9925
9589 1290
4041 5722
3209 8912
3481 8256
422 9142
241 2267
4790 9279
6449 7918
3275 1651
9024 9579
103 9789
3312 1088
1156 5073
3093 6300
267 7472
7649 6581
2701 841
1790 1409
8781 3804
1566 928
6687 5141
204 9452
6981 9550
2857 8205
277 9423
7461 7480
9201 3176
6219 8073
1318 7003
7249 7836
9119 5768
7481 4040
8597 2437
3370 6549
6821 4922
7438 8846
4261 2363
7422 565
380 2331
852 7954
9991 1854
1618 6728
3298 2703
9042 8959
737 586
2759 4149
1870 1235
5740 5218
8031 2518
3926 2773
8038 8481
3950 1871
4255 9000
6107 7103
4082 684
1509 3630
5468 7370
3930 7557
2859 5841
8823 2153
8615 3112
4503 4455
9780 9598
6650 467
3034 1294
8812 1002
6922 3623
6447 6578
3906 2672
1777 9805
51 420
7488 9234
8365 3626
4818 4306
4283 5618
4493 2290
2217 589
5039 7362
3131 9482
2172 276
7559 6916
4289 6461
7843 8279
2287 4416
156 245
5268 2708
3523 7483
255 8305
40 5972
6716 7095
8802 6716
3455 989
4831 3833
5455 7127
4040 7105
8682 4059
9992 6673
7616 9947
774 9893
3687 3729
6031 7015
7718 9558
3463 890
4848 6157
4900 9295
1957 1159
6070 5151
6964 4275
3221 6550
146 4546
9468 1352
9096 6899
4881 5236
335 752
9417 3617
5344 5145
5453 7692
5748 2801
3325 5729
6647 3970
6513 6142
8828 6718
7312 4351
3863 3459
2852 4337
5652 1293
6352 7360
4596 1091
6159 283
7759 8191
3726 3481
9246 3760
6343 4623
85 4294
8407 2438
6973 3620
9230 9128
2680 9987
818 2945
5974 822
43 3295
6203 5896
3728 6672
9708 4169
3071 3902
4927 7831
1107 1012
6086 5472
4652 4916
3739 1506
5585 4681
1448 2711
6619 9125
5860 1094
265 1495
1654 3929
5791 9462
2884 2904
843 7831
8075 284
5366 2826
9952 9655
8767 3416
6389 7621
4064 5885
2427 5303
4767 5151
5944 5631
6259 2577
2247 1048
3268 9562
5337 2604
2365 215
4970 2161
161 3935
168 5900
407 3415
324 7941
534 338
7042 7490
2000 1069
898 6913
7147 5790
5573 918
9174 7007
7155 6610
3848 8233
3392 7943
3058 4188
445 9686
7660 9573
8343 8559
9388 579
516 7820
3731 4518
6428 1666
543 7717
1950 9427
1917 4764
4017 4291
5451 9862
8503 646
1446 7873
8216 3901
2476 4678
6748 3674
6220 4298
5891 776
4697 1446
2163 8857
3683 3383
1504 3742
6157 178
4413 9501
7789 2811
3914 458
6803 2120
5502 5742
1081 9672
551 6538
177 7686
3971 7575
7426 2681
8749 7552
7152 5260
6653 1921
6627 3429
3006 4527
1509 5904
1480 3166
8974 8296
952 3346
2601 9231
8615 4847
4594 6744
4785 7182
6445 5589
1057 1739
8451 1255
6070 4262
1540 4128
7997 2082
4608 8866
4802 8334
7932 2437
2475 7690
9202 1058
2173 3942
5920 180
4433 6459
5938 8552
3007 1827
388 2889
3152 3685
9042 514
9038 8948
5687 2016
5262 6688
7077 8845
4328 7890
7398 1933
7228 302
5268 4979
2010 3661
4100 5324
2381 7911
4600 5331
4777 703
8806 8402
5530 9788
5315 6344
9329 4170
117 2602
704 862
1175 7211
135 5517
456 4381
4711 148
2392 405
6429 8804
918 7731
6390 4016
8940 7911
4278 3563
1104 9113
5025 4465
6105 8172
3667 5364
9235 1585
2246 2215
848 2901
164 5490
5774 1103
1271 1195
4427 4731
4806 8858
983 5054
8181 836
517 1268
9365 323
7852 7959
1283 1656
3988 9530
3511 9223
6904 9467
761 4165
3825 2248
4420 7939
323 3338
8810 2533
3842 9949
5925 7696
7072 4640
8942 5156
5023 5293
4766 7041
7561 797
6261 9400
8645 6974
4517 9889
9721 9820
9610 2260
5684 8175
8569 9345
6470 9092
5865 7137
5898 6086
9465 355
293 2068
9042 9995
3078 9576
6003 2109
8457 7091
4285 9160
6253 5876
2335 3837
9483 7257
2372 6291
1194 5028
7782 6217
938 6998
7902 8288
9159 4925
7643 5415
1458 840
4719 9058
9797 5910
5817 3338
6653 8802
1862 402
8589 1528
755 7188
3430 3951
2595 5955
9924 6070
3639 7664
6807 9894
8082 6108
7518 5561
3399 5225
8167 8161
7118 7589
3854 6646
8003 8030
4302 8056
5492 2250
9902 1153
9824 5828
7524 8979
8911 2594
8457 8182
9286 1978
8483 8136
4615 8604
8711 1220
4214 5443
3728 4997
3867 4650
8265 410
3014 6857
2170 8703
4556 8062
8783 8229
7941 2897
1318 6515
2826 7319
7330 2929
6911 2915
109 5305
1609 1906
4321 5234
8999 6733
6706 6070
4560 4450
6007 4537
9682 8772
7411 2169
1567 6757
9132 5841
5983 3998
674 4161
8147 1870
1487 8418
5307 4904
2080 8628
1129 1614
7290 8027
9694 4624
1988 4660
4044 8583
9014 3062
3076 3301
8391 4904
386 1636
6275 2102
631 3883
9213 8049
132 3713
3042 8866
9634 7982
5388 5868
1161 958
6624 6025
526 7818
1719 7091
7554 9208
6045 7125
505 2320
6722 4111
2654 6050
1174 389
6189 9759
3666 6089
9982 6692
2159 1885
6355 9220
4480 1581
4653 7514
8011 355
1418 5051
9007 700
3286 5290
3422 7020
9184 9637
6163 7179
9906 1376
3198 4091
8411 4384
1009 4836
7407 9586
7972 8727
4794 914
7330 3460
7715 3662
1812 4433
5996 3181
5567 1555
1445 3138
5742 7324
3048 1856
3977 4601
8540 958
650 3278
9409 3017
7998 676
5244 1214
9064 2450
2840 3766
3277 7370
8701 6064
7318 1030
4203 6334
3031 3671
8581 3205
2211 8942
8099 4207
4468 2252
961 1745
2945 8387
8494 1662
8297 1310
3076 1129
8393 8409
4723 8467
641 6743
6993 6832
7203 1873
355 9184
2588 5789
7908 4078
3230 9961
905 1338
9523 1286
8467 3857
5334 1252
9190 5471
5280 3847
1204 2505
4226 2203
8567 4728
647 3319
4982 1448
9135 1200
6972 3989
7034 7184
3575 647
6173 3726
736 6641
316 8039
3644 5146
2350 5012
5584 655
6766 7684
930 7833
5551 5274
4939 6261
9396 5594
2756 1140
4216 6626
9835 5734
2765 9718
5594 448
6668 7654
1922 5165
1406 2327
6526 6312
1307 9201
1171 7808
4934 8672
116 9077
1443 5814
3631 6147
5714 6726
2531 7252
2592 6834
2204 4140
2346 2930
4309 2431
507 5027
2234 4499
2272 9513
2748 741
2393 8218
1866 2832
8346 3526
4145 5432
4724 6430
8611 301
7777 5623
1686 4516
5466 4243
8530 4722
1275 4639
7178 1846
5670 8647
2023 3214
9370 9665
3760 9719
8388 4415
8837 9104
5109 430
7533 914
7831 7759
8396 3344
654 2834
7504 9907
6924 7019
4128 3953
2325 9565
3144 9541
9475 8449
4817 7914
5864 5606
5954 5355
8190 3897
7616 4189
7995 7797
2543 4492
8735 1853
1469 7519
558 1476
3018 7873
1289 5100
6330 7799
4978 9053
4504 3237
7605 8900
7376 7995
4369 7619
6933 3719
9783 4985
4253 6139
1790 4024
2035 791
3689 3876
3033 2426
460 8992
4736 4025
1641 433
3026 964
9243 2561
1424 9137
4183 7187
5861 3745
8582 5225
6040 817
1416 3492
4832 4462
3231 3828
5999 2744
7998 4970
107 9729
3735 2648
5651 4904
119 6017
488 3220
8454 4317
1629 6068
6155 2155
8313 3237
3000 3730
7226 6165
4618 5999
2637 7572
6849 7444
8182 2791
1413 7364
3356 54
3393 3652
7604 2881
1374 1976
5017 4462
922 1028
122 6292
905 7473
2084 4061
4776 3332
3915 1695
3833 6237
7831 3927
3654 5877
7006 6970
2980 8529
9900 1771
9847 9655
7418 9958
8569 2551
135 5962
3768 1927
7147 9565
6422 1715
3975 8050
9895 3758
4911 8682
4638 2542
5440 9238
7823 801
5028 3958
6509 7775
2141 4435
7090 1059
429 65
6911 1611
606 7681
9480 1949
550 2967
6138 7749
3429 4325
1357 7702
4423 5270
7608 7114
6602 7602
2655 9850
1466 6055
3438 9209
1473 8068
9957 1927
7739 473
9473 7558
8656 9053
4120 53
7899 14
7052 4308
5205 2161
1874 2540
7337 6225
9977 6149
7391 1838
6582 6611
8562 4298
696 7355
6377 1973
2752 2417
135 9500
7662 3995
6649 4464
8716 6426
3240 8644
5520 8264
1276 1298
8499 8927
5245 2649
2046 2407
6582 3751
2576 1599
1176 83
1656 1468
2960 7910
3875 792
7312 8282
582 735
500 6631
3574 5225
2816 3497
3304 5690
4137 2342
2772 7153
6411 3737
4816 3392
1636 6145
70 1498
7183 7586
9423 2319
5918 6104
4752 6645
136 2820
5787 6244
8256 3752
3143 5834
8565 4158
9440 182
3767 9637
5369 9677
1903 4961
9596 7802
6969 8808
8825 7364
3024 738
5078 2118
8633 7490
1821 5409
4513 4935
6072 8596
1638 4760
7565 8905
5689 6458
4873 5272
1980 2117
330 3008
8119 6310
8629 1802
6639 1610
3196 9233
903 1778
6448 7843
2895 6600
7279 6236
4608 774
4904 3598
5350 6303
9364 3692
5537 3362
5141 9836
9749 6153
4641 3461
2222 5780
3280 3475
6404 9955
8083 1549
951 2454
1661 4543
7364 4279
9990 9106
5750 3573
8225 6246
7034 7877
9124 5008
2898 4164
3764 3845
6825 3259
2421 3992
1448 8132
7563 9074
8602 9284
1873 8868
3898 4080
3370 3425
3525 8484
1224 5491
3655 1317
7210 5760
6672 1737
9709 5390
7077 1248
5207 4538
2891 6784
6048 2496
9567 5397
3748 7546
2118 2188
1262 9370
4128 5106
6048 9681
1856 4752
3945 897
9546 9227
3009 5942
6562 7347
2319 6742
260 8768
3122 6083
7714 2142
7092 5128
9185 8598
8519 9259
1572 752
1886 2343
2165 1834
6089 3397
4351 1477
5474 2860
9686 4006
4913 5836
7618 9955
6397 1946
538 3116
6660 2932
3838 6815
7081 8113
3785 3507
2752 4717
8922 8867
2775 8942
9016 5401
7594 2384
6666 6313
8243 7880
6149 2652
2907 4639
5719 1204
9677 4478
5530 4122
0 2721
1051 9788
3417 6019
820 3175
7367 2005
2938 417
838 4529
5528 1682
8592 2581
7039 7328
2161 5368
2651 4392
8345 3204
9367 5206
4727 1644
2782 3734
841 8920
7651 8644
1263 5925
4547 6621
2345 1195
5458 2856
7125 5493
7375 7864
2194 5993
9819 8546
6569 7365
8327 3640
6512 9754
4617 8006
8305 892
8965 5325
5662 5239
1409 1343
3687 4344
1613 3256
7795 6778
6675 8227
5501 3771
7771 1360
5181 428
4032 5605
7318 9510
1314 4145
1787 2603
8871 5674
7814 5891
8418 3606
3987 7501
3403 4654
2253 4799
1049 5686
1417 4959
9727 8957
2797 7902
446 924
4702 1081
1662 646
6126 1539
5873 5872
8534 6654
5926 9336
8207 5800
5039 4918
3704 4575
7560 9240
2811 7956
4566 5642
186 4410
4748 8211
7906 8703
6951 9028
5720 1844
1344 6834
9406 2380
8725 3284
2660 4036
5969 6008
5562 2643
9672 8278
8468 8966
5905 3545
1298 1458
8757 4027
670 5597
716 9334
1306 109
4305 7747
174 9154
9535 1782
914 9891
5510 4687
442 6495
8555 1250
8648 8441
8374 5127
5937 3687
9004 2014
3439 6723
5687 7263
8142 5434
2473 1487
309 1763
3246 1321
8974 1933
694 2883
657 152
8801 4941
1931 643
2988 3783
9761 9620
5720 3889
4092 7655
3302 3698
2622 3796
6434 2488
2718 9419
6331 5107
5438 1471
6031 6403
9498 5055
5999 3977
3002 1847
8845 4440
6982 4177
5711 6949
9163 6152
1858 1462
5854 4805
8691 1
1699 3905
9475 9236
4324 7057
996 5353
8450 3636
8370 4546
2168 1237
3993 9893
6113 8587
4334 1985
8909 6782
9681 6377
1262 5402
1637 6961
9603 2967
9453 6539
1780 8307
9258 5383
6956 1398
2076 4236
7694 4588
4648 3796
3106 4074
3388 7856
7316 7754
7991 8487
2704 8154
2275 5451
1366 9165
3184 2333
6496 8681
4457 1453
4854 2269
5019 7080
2995 6801
7187 1328
8797 647
1101 4588
2915 1703
8197 5023
3335 5310
667 9876
3755 7153
5211 5337
3269 9668
5441 9650
6269 7491
9675 542
3012 7146
9212 3750
7200 8786
7029 7458
8109 4070
7170 5410
6647 2864
5007 9673
2880 9575
2665 5470
8949 1629
800 6222
868 4503
1523 7552
8775 7798
661 7179
1147 7480
9100 7744
3583 6322
7766 3021
5920 1653
4758 8827
9912 7926
9964 2520
3489 3113
8183 4627
2048 3488
7009 479
8865 7482
6266 8689
763 2422
5510 7123
4752 9801
6227 2778
110 9624
4999 3268
9156 1977
5228 5873
4012 3368
3801 5816
93 4104
9463 6759
4297 3175
725 9657
3182 9000
52 1189
8725 6750
7135 6862
4525 5006
2879 2620
8106 5681
7242 3132
1905 7880
386 427
5139 6425
9824 1895
5663 8155
1782 6042
2969 6300
3754 5138
4463 1521
5765 2893
9193 5117
610 8758
4623 6415
1350 8193
2435 1723
7067 397
2259 6082
4997 2674
2397 1621
2773 6481
8065 4833
762 5421
5581 3246
746 805
3675 7083
8712 201
3028 1650
1282 4821
675 4623
815 2973
6237 4648
2492 4952
6552 1213
5087 7437
9037 6275
2148 5316
3765 985
2954 8112
2670 4466
8418 2348
7878 7629
7284 9995
728 3358
968 7789
9889 489
369 7130
7106 8134
2557 234
3158 3780
7533 3559
4246 5171
5079 5462
6427 2046
2940 7769
4959 7534
5809 7000
9131 5437
8879 9060
9166 8674
8505 4919
5889 1694
4791 5137
9054 4237
7184 1992
7597 5328
3986 3535
9687 9472
727 4542
3207 8322
1202 5683
4283 8549
2217 9090
1149 822
189 9690
5287 9913
7761 3486
6488 5443
1876 707
4769 7540
5143 9497
3563 3563
7634 118
5599 2347
1396 1650
7532 3636
7146 947
5435 4344
7459 6731
7868 3040
515 5489
6625 2618
5240 8051
2184 6887
1178 5452
572 4767
9439 5649
3817 4656
248 8288
2961 6623
3204 9016
2566 9738
3782 6245
3446 5735
6843 1276
7750 895
9003 4281
6578 7257
8693 7333
5218 7178
7864 9944
3506 2181
4810 8462
946 5893
6548 9639
387 5680
6339 4511
5112 3186
282 9054
8396 6702
6115 9447
508 9504
2086 5355
3423 5085
8741 1058
79 2548
7139 4265
5559 6308
4827 8857
694 441
8820 3563
1437 3009
7487 711
8852 2140
9462 1179
5361 5302
682 10
8793 9345
6990 4960
570 524
9897 8635
6859 5626
8078 1373
4850 373
6159 3886
2906 952
6901 1221
4388 1338
4689 7223
39 6211
7024 460
6537 1863
6004 2949
7243 5615
4372 379
8991 6974
9631 9800
3776 7401
871 3830
4051 2344
3194 918
2170 7581
9004 9783
2398 4660
8296 1290
4687 595
5664 6759
9387 1369
7237 1106
3642 3812
166 5801
4340 1292
3116 8896
6320 217
7536 5487
1665 3388
4751 4848
9987 3228
9259 9963
6604 4487
3495 548
9358 5624
8884 6706
8460 4847
7732 1147
1290 4628
5640 4644
8210 7739
7009 3233
906 4455
22 7807
8332 9281
6574 5000
4538 3888
3389 9427
9830 9520
7942 6398
8672 3924
9861 4585
6588 6422
8280 6933
9325 6307
5831 28
8069 8425
865 9111
468 4847
3365 4857
7835 9973
6992 8220
7720 7616
6985 7307
3654 1131
2732 5016
8121 1328
5986 9654
8905 3294
1994 2334
7778 5725
2697 1993
7869 1208
1093 7970
2963 8732
385 700
6503 9375
1549 7312
1078 6195
5436 2233
5331 9246
226 4479
1500 1953
2141 687
4741 5440
7172 1862
7164 7132
4801 2024
6079 1308
7591 9099
6608 6703
8104 4205
8644 9949
3157 6193
1178 3718
3666 1428
866 9872
6784 4921
8145 2312
4463 2682
2885 544
7122 1854
3733 5253
6536 8058
7122 6203
6770 1275
9700 9207
3873 7902
1537 2526
1980 1827
8465 562
3583 1345
1854 3388
50 1705
4568 851
9053 9695
745 6701
747 4403
1419 9654
5393 2094
6561 2628
8627 8789
3692 7676
8429 9040
8289 6216
8451 8024
671 2617
7601 105
6381 7659
6288 6262
9321 5549
3107 9123
7128 5056
5404 3510
8649 3224
434 7313
678 4954
8785 5798
7569 4482
5850 1022
1184 1855
6294 5249
9724 9644
8771 8311
4446 8958
2930 1870
7002 4500
3986 9695
2218 3444
8545 302
3934 6372
2520 2801
5923 9660
9082 2699
8699 9889
4012 9877
5961 5492
9181 7341
2953 383
6417 8228
1379 4927
414 5236
6349 8828
5950 1989
8350 2977
8137 8650
5793 3463
5285 8732
8688 6873
3799 4671
6650 2394
4455 4180
333 5086
6090 3438
7886 2338
9517 233
5487 791
2130 5717
6706 1606
7322 6859
5367 6122
5858 3994
4727 7943
811 9391
1010 2921
1721 8694
1728 1840
9753 4067
1042 9511
5028 9688
1361 4860
2731 6845
4784 2780
6587 4527
92 1764
296 4814
9041 3049
5032 6631
8637 7882
4319 9791
6332 4622
81 2678
93 4292
9424 5201
6717 5731
341 1924
537 7149
1399 890
2807 7034
1607 7530
4745 3234
9204 4944
4757 3303
2592 2218
9349 4439
9956 2886
2461 8126
1367 7630
6956 7526
7980 4229
3103 8262
1114 724
5691 1292
3310 1586
3693 4367
9100 7998
5102 5289
4555 5413
5144 1377
7288 6207
9160 4382
5825 5397
5460 9245
6427 4421
7160 4912
7804 5208
6154 1193
4520 9446
45 3832
3783 9949
4242 5140
4858 7935
4377 5591
6741 3620
4483 3420
9423 264
7557 2627
2680 548
49 244
2599 8147
521 4003
6232 1867
9340 9745
2809 9332
9478 4813
5907 5713
7872 9105
4402 3890
8828 1124
3701 4144
769 8656
588 2015
825 9526
7100 1261
4131 6104
9942 6625
8408 9628
6317 5567
6029 524
1703 4216
8848 6450
6271 8895
9587 4182
2037 7710
9975 7410
1354 3837
691 7592
2417 5839
4284 5183
1965 6435
9825 3434
4526 2798
3742 7821
5884 4059
9662 3594
574 1799
8889 9445
6500 3943
767 3355
7757 8878
6998 759
8862 800
7190 7534
323 8892
7094 7478
7705 1850
2761 5956
7684 8034
6081 4879
9820 8714
7973 7881
2259 2139
6205 9342
1900 4587
9424 3657
1176 2675
572 4173
9125 2201
3293 8368
478 996
9024 9982
1951 8732
1508 3514
9592 1081
95 2102
2950 4091
822 4323
401 4629
8103 141
8192 1631
8375 6317
4909 7867
3866 8140
1245 9150
6349 9285
2416 9613
1965 5372
2474 3612
6620 2092
1439 932
2491 8077
2691 7379
6498 5809
5092 6244
6879 690
1375 4126
4547 5798
1869 3051
3054 3870
9806 5447
8202 2418
8929 7189
4499 6320
6850 9064
342 571
1769 8219
6389 382
6583 4099
530 236
1064 5101
97 5364
6676 8126
3169 8393
7192 8039
2019 4978
3052 5669
2571 3183
5124 7708
5734 453
5364 6033
2966 7754
4238 8753
892 8614
8727 2880
4645 1471
4300 3438
6253 7114
5134 983
3930 5067
181 43
8235 1489
8944 3661
4603 2244
9992 4351
8453 481
2778 87
6715 6154
4085 9890
5242 8275
7534 7609
3558 6917
4722 9128
606 4825
1143 5170
4569 4284
2466 6304
756 9268
1710 5513
7496 4917
4733 9357
6034 3780
1099 4291
863 597
8261 3617
3381 8788
9979 9752
8634 7992
7892 372
5169 6926
6905 2397
2475 4599
7984 8357
4720 5164
4283 9689
308 883
6670 2638
290 5877
1299 3210
1942 7429
7272 1785
3682 3182
2987 7063
6212 6183
3619 844
3402 1827
5673 8402
1837 7743
2999 2785
6864 2390
8120 8271
6037 573
3637 5645
4148 4310
156 2739
4447 598
7849 2342
4694 8154
1320 541
5477 3159
3418 8579
7355 2021
7462 956
5475 9268
8632 750
9589 2353
5570 6412
2525 1335
2278 3315
1777 584
612 9932
1484 625
3507 335
3652 5575
2735 4845
7783 1830
5784 8654
7647 1359
1859 4478
2043 6676
3196 7198
8937 6922
766 7526
4073 8219
5791 1573
6787 3625
86 3900
2566 3522
7852 2970
220 3007
6902 5417
6515 4518
4211 7551
4456 5977
2236 8396
21 1833
4708 3354
6568 2828
5080 8772
7022 9703
9596 9356
2343 3642
1247 405
79 413
369 2207
6889 8972
8540 9392
3822 1514
6264 1407
2694 8185
6978 3635
3368 4510
3247 778
1398 4962
8003 9365
7328 6212
6472 7927
1418 8493
7548 6093
4007 6190
2284 4056
2128 1428
384 3554
5764 8553
3316 4720
24 161
5410 8952
8141 1722
746 5256
7178 3404
3068 2733
3908 940
3114 6243
8963 7984
7917 2879
6351 8648
3900 2938
7690 1825
5216 1956
1259 2676
7163 8998
6207 9226
6249 7289
5558 7772
7267 5670
2872 1493
5768 3274
4981 6001
7404 7694
9154 3621
6861 8597
4247 9246
1378 6870
1824 7089
1812 6609
3053 9943
5411 2240
687 519
8176 6083
5458 365
5937 6605
4801 7041
1962 1926
6750 2857
2311 3158
2048 1603
9095 5775
4032 8771
2223 6207
641 422
9213 59
5852 8793
7286 3938
302 1631
862 7944
7952 8651
2998 9003
5786 1893
1450 8321
818 1781
7838 229
7079 5535
8218 3084
9161 7635
5377 7475
8903 1256
699 6776
8611 1898
1001 5324
1913 5373
162 1338
1823 5154
9879 8052
1509 8009
7729 1071
1664 6344
5220 3256
6083 2832
3498 4538
6860 443
9908 4964
9723 379
1820 9065
6312 2854
2636 7157
861 8837
5078 6817
6207 3347
349 4721
8322 2600
2231 8990
6074 9823
5118 7756
4367 8558
2153 696
7339 6644
8851 3464
3839 3232
7917 2772
8992 5043
9725 5922
4085 910
2848 9830
3414 3763
322 935
7538 6534
8697 3926
5710 6435
343 3233
5853 5525
4311 960
7636 1071
8060 6468
7888 248
2708 9525
6029 2367
7664 1394
3615 9384
969 9100
3097 183
5318 2019
1202 7084
5555 204
2454 4814
1538 5676
1937 3948
1038 8521
4817 423
9876 1985
640 8440
4990 157
1572 49
7212 8958
5378 9668
2078 4412
3755 6653
3597 2618
3580 9186
327 9982
8662 5828
5228 9772
3924 8355
1798 715
3791 7983
8178 4388
2711 4813
8513 1523
5937 561
6471 4895
615 2880
4660 9858
7846 8222
4026 2310
4707 6619
1696 371
8990 6365
2976 5111
8503 3672
2127 6912
9047 7258
3098 8029
6398 5642
4215 3171
1564 5991
1881 7210
1360 6704
8872 9355
2774 3449
553 4
7302 4519
8087 6566
6297 5880
3685 4132
3204 1009
8651 2680
1871 2550
3482 320
7689 5526
8766 3897
7357 4265
131 3872
8760 1483
7542 7108
3980 6205
6401 9800
8739 9527
1070 3308
6859 4797
5952 9677
1695 2692
3294 7415
161 7158
2876 3321
4643 7071
9991 7964
2072 9250
8128 178
7879 7119
3665 5119
9315 3144
5805 5465
3578 5624
5636 1505
4375 9672
9533 9242
577 6689
9718 6494
1890 5681
2108 3450
6859 8887
9699 2348
5911 526
6440 101
9423 6080
5061 4093
9211 2112
7644 7280
1703 4980
7540 3131
3218 4281
5647 8903
7815 79
4874 935
799 5503
4024 6137
5000 8706
6928 5531
5476 9602
1053 2524
3306 2698
5965 1171
1683 5606
6232 7377
5491 8060
4567 762
297 1330
5904 4118
7929 5125
6840 1016
779 7486
6127 1379
9980 4444
5402 6858
9343 3013
9249 2996
6734 9549
117 8359
3862 7189
8349 8924
3487 9412
7576 9235
178 9550
2409 742
2037 5345
3247 1647
5180 2493
4047 2711
4987 3815
6746 209
6502 4027
4624 3961
8881 8228
1344 4992
9604 265
8530 9816
5257 4087
3776 8430
4300 962
8896 8828
4043 7968
5766 3612
5988 566
9278 2338
2905 9720
4459 9301
8037 7766
8837 7210
794 551
3148 4013
795 7419
5488 7229
5398 249
3360 2058
8664 8840
752 3830
3467 3367
509 9973
7175 2571
2218 7507
5543 8989
6343 2659
2297 4665
3805 8461
6026 9069
3944 5337
7955 93
9008 1185
2837 2573
9142 4742
9909 2216
6371 9353
4441 7652
5350 4651
2713 3204
3146 1939
1321 4592
641 7236
8905 7264
8380 9216
3445 3558
9358 6679
1035 7048
7975 1606
2767 8068
4047 2783
3358 3922
5824 1403
2113 7216
2888 5294
4816 6116
6553 4075
7515 8131
1054 7741
6466 7158
5864 9640
9504 4405
1376 6128
7966 9461
5259 9183
4410 2287
3772 8606
815 1092
4215 8601
5802 6240
2026 7634
4354 9262
6638 1179
9161 6045
8294 2547
2685 3554
926 5269
6577 9618
1518 5943
3189 9200
1090 3684
9231 22
3045 1296
7737 1347
6013 6265
1331 4401
4607 1648
1780 1877
1612 6421
6676 9428
3194 9136
8371 3601
4768 909
8721 268
1042 6836
5947 6968
4127 4971
7540 8432
6235 4572
9769 3802
9869 4521
1821 2284
6228 4220
9732 6534
4599 1802
1165 5526
5773 2194
9142 5442
9669 3833
8521 3353
4307 7943
9421 1080
1296 5420
573 1260
5089 5254
1761 2961
2970 7548
3098 631
3764 424
1377 1016
8192 1242
6916 2873
9216 8429
6852 7656
4687 640
1151 2311
6997 8809
7829 5666
404 9546
8015 9038
5788 8500
6412 1448
9633 1364
5094 9782
9026 7449
8725 2073
832 4895
9493 7643
1387 8404
8969 591
2738 1198
6971 8380
7479 9044
8020 8537
1473 9347
9748 947
6427 3552
1237 8504
9323 6859
1831 9813
4802 6648
5209 651
5329 7983
2440 7047
422 9507
1109 9048
258 2795
8461 6186
422 2921
7760 8540
3879 6479
14 9346
5950 2871
9430 555
2968 562
7614 8303
6536 6166
3424 1964
2929 6411
9884 9274
7652 7826
8503 8234
5121 2884
914 9722
8808 2176
8107 384
6219 7744
4628 3577
6538 5948
7850 2356
5140 3083
6064 3362
1990 7941
3053 2213
4738 6206
3549 5431
6589 2015
2311 812
5598 3137
1604 2286
2275 8449
6742 5028
2966 7062
7055 1037
9534 5315
8535 1790
9719 4816
7396 2486
5871 6926
3337 2640
5539 6834
3499 4991
1268 1821
7861 7863
1837 6397
9275 9253
4862 8276
1085 858
3212 66
2885 2183
8663 9670
1165 2110
5895 9476
4497 2184
333 8494
2762 2884
4244 368
2195 6113
8562 1325
473 4762
4785 856
9572 5321
4017 4735
346 3157
9666 5096
1944 5177
8031 3627
7665 7938
1162 6165
8046 4642
5957 6724
7911 1586
8217 3196
3639 8731
6461 9606
3376 5734
4473 6215
9217 9982
2338 6798
9354 4220
4049 5869
3816 2043
3355 5312
7206 465
2671 102
6743 3397
5508 8381
6615 4275
8761 9932
3511 8402
4905 2894
3605 28
2663 9401
8661 5002
2106 8333
6708 3221
9834 6632
3864 3246
146 4826
4557 7542
3732 7991
9722 3466
8130 6454
1529 6260
9264 3314
423 4357
901 7579
3840 5040
1284 3667
6126 8686
5872 2249
1467 2318
8476 7840
8875 3481
8946 849
1724 2994
4479 5418
9767 213
5050 8230
3265 3048
4218 8240
657 3075
7693 5550
6046 1387
6603 9803
8681 7779
6279 6132
4402 5525
871 2727
7481 2136
8336 9497
5020 3549
4858 6857
5046 7408
7083 3342
4248 5195
2133 5904
9908 5619
3450 7705
781 3622
6870 2959
5882 2344
8266 3328
1860 5261
867 2732
9115 1905
669 6160
6815 4454
3106 1598
7829 4012
2092 6593
6339 199
9619 5264
1593 4226
1520 6978
6069 5658
756 8323
9096 6144
7145 5587
1121 6317
940 7265
5275 7493
9582 8535
5358 6234
8298 9938
9314 6573
3336 2014
4843 2492
7768 2518
8162 4893
6348 4056
4215 3684
7647 7713
19 4255
6018 2518
1537 2717
8412 1706
9312 2995
8690 1592
8472 942
2189 57
2550 6416
780 2424
9231 7560
3299 2143
3716 1342
4800 6380
5595 7865
9974 7809
8550 953
7031 3828
426 332
2704 9930
7998 2184
9464 2343
8627 2775
5231 4513
481 695
6565 3962
3606 3793
5854 3680
4921 9734
9602 8300
7073 187
267 4113
7591 9938
4947 8481
1785 8190
1233 7373
2367 423
777 9568
5865 8998
3138 6030
6894 3448
7936 4865
4075 3627
1290 5403
8235 7690
5149 8241
4443 4502
2787 9925
8692 7884
6017 1450
3512 3994
9822 4843
5863 6606
3579 4647
4211 9706
4894 99
8975 7386
9676 6855
598 6703
8673 3968
982 2113
7143 3292
5547 8379
9025 9435
8036 4218
3509 8284
6188 8289
3843 7780
1547 8286
1369 6051
3903 6592
5452 3448
2000 5970
6913 9933
8006 4613
4396 2305
7594 8701
9386 4199
3552 3777
8482 726
5222 679
7820 5958
4051 376
3980 5815
6115 2912
8837 616
5731 437
8544 6863
1251 7171
9478 3310
994 9141
5676 3356
1140 4574
5779 7667
6048 1959
7901 6691
3418 2525
5727 2633
9408 793
78 2393
9650 7230
1575 7778
3046 9442
4245 7951
4671 1817
5812 5571
915 3554
2803 9853
1318 4502
8615 5607
7242 4589
8388 1646
4184 9677
484 6520
9692 7334
4142 2686
1278 1863
8508 9935
9525 2469
9743 4166
8140 1898
6865 838
6474 9175
9562 2951
2266 7677
5686 1610
616 9171
9577 4131
866 6347
2925 1888
9217 9831
2750 3909
1086 4591
9183 2872
93 8545
2051 5758
9540 4982
1875 6629
223 2115
4657 4295
6768 1737
7034 1017
1864 4442
4476 5229
9336 9230
8134 8598
4093 3486
6121 3241
1262 514
5141 6587
8103 1343
7885 4011
5051 755
5486 9434
5194 6970
8379 1563
2898 6323
4395 1526
412 2559
4193 9996
3200 6317
1014 4052
4493 242
2509 6465
8069 5662
1905 7455
3555 3070
5616 9080
5175 5394
5564 4243
4623 1212
3282 3703
6644 3159
3280 8087
6481 947
8210 9818
8845 9750
9287 478
444 5617
5742 3297
6144 9862
1475 8410
8603 904
6530 140
3427 5116
3962 839
2272 7266
5213 779
8508 71
3508 4478
1045 1257
9464 8371
7478 9220
3346 5243
4654 4600
5589 5117
9668 1944
6535 4542
5503 4735
6252 9642
1402 6302
7231 5096
5098 651
565 6145
3989 2859
2765 7596
1359 4822
8784 7263
2117 3563
2220 3819
7486 5839
1350 2369
5989 5651
1042 5795
6697 4688
9043 5383
1369 1303
5667 9963
1968 9300
2800 9933
2136 6249
2779 1044
4834 6166
4054 6049
8276 5584
2577 6364
8514 8406
7447 3071
2035 827
8593 5546
5746 4555
9696 6362
8376 7078
2445 5979
3636 9685
4744 7196
7379 9564
6300 2727
6470 3698
7499 9274
9147 8588
7850 9089
1588 535
6394 3877
9629 5285
8557 8782
3209 3781
7359 1510
1623 4563
7011 6583
4825 2909
2441 4758
1864 4161
8588 8224
7139 8401
3590 9284
16 113
4251 1087
1179 677
3025 174
754 9386
5193 2053
1076 7438
8558 9289
5514 5848
3324 8876
7577 2236
8259 380
6859 7429
6620 4605
9797 3722
7686 7749
1249 6906
6831 6585
5495 8894
4704 5115
1094 5011
9998 657
5407 8451
6963 2745
1041 4907
3844 4
8612 7556
1307 136
4016 6899
7829 8725
447 6103
9115 7479
6889 2281
6961 7616
7535 6005
6718 8418
7340 1993
7004 5838
9578 9328
4953 2344
2598 4542
2080 1310
8648 9694
7297 3994
3992 5158
9722 8518
7748 5212
7854 1180
288 5473
7862 6384
7080 5685
4067 5691
6099 7922
2777 4076
8362 7221
6681 9575
536 8666
7341 6966
6303 2506
790 1433
867 3312
5329 5962
2804 1011
8085 6172
2613 7862
4778 3975
1668 7907
7634 3273
4097 2061
129 4435
8270 4932
823 7833
8946 15
5548 701
1154 8531
808 1883
9762 6082
6359 6239
8846 7071
1474 4442
7022 4098
1314 1916
3323 6806
64 3311
614 4062
273 149
8073 4657
7728 3375
1278 2713
2296 2047
2108 2070
8516 9557
8695 6191
5483 3213
6992 3626
6246 4372
4714 8124
3022 1620
857 6206
9028 9746
7038 2480
2296 6812
8634 7287
8718 3763
5814 1515
5581 7359
3063 3820
2907 7870
4559 9422
8023 9788
5618 4465
2744 171
6558 4806
5078 8535
5740 4444
4276 227
9560 5980
6249 2352
2214 6219
5689 9350
4441 226
5371 5454
26 4687
2143 6723
1665 6476
374 2607
4851 541
8907 7100
8954 8481
4102 9459
9428 7501
4027 2070
1793 9125
5825 8456
5357 9464
6688 3539
7810 7553
5285 4672
3558 9558
4765 2533
4888 20
5836 5693
3271 4841
2044 9806
7339 4938
6246 9642
5313 6161
7903 571
3024 456
7400 5924
7463 7024
7688 1051
1365 5641
3592 6357
3402 8264
6226 6498
3365 5916
6059 2459
2356 2242
8801 2233
8359 6404
630 6155
2725 7060
1089 2611
3842 6690
5900 8044
6192 1005
9246 9891
2652 8713
592 3178
2041 5303
4202 4619
5430 9366
9984 7852
763 112
4098 422
1299 4763
489 9937
364 5480
6082 8506
1672 609
9490 184
9949 3922
9838 4048
3682 7959
7661 7589
1117 3902
2949 5759
6793 436
7983 3663
5834 8607
3432 906
2641 9584
2858 3694
2638 7109
690 6627
821 3972
8949 2330
5663 1400
9836 314
2846 8635
8587 5169
4777 3779
8343 4030
6952 8676
4759 8386
8548 9426
6987 4819
7162 3466
3903 2470
9458 1251
3174 2248
2452 1167
2970 7285
9305 7252
3132 5041
4931 6274
6171 7039
6139 6962
2749 2474
7654 8528
4362 4769
65 2544
8650 5829
4550 7530
3194 8986
935 9298
1761 802
7317 492
1180 4632
999 3552
4065 3596
8921 9816
7196 487
4805 4668
9831 7207
581 8032
4440 104
8662 9949
2199 7471
6067 9590
9748 3134
4054 3998
986 8165
9842 3285
272 3020
3664 8153
8569 1103
7115 4373
9853 9707
3268 7795
3254 7902
6084 9838
6370 1719
1191 4178
2658 7905
8698 8278
8532 6190
3151 7258
5066 3078
476 2051
3097 8765
2380 429
820 9187
2634 3813
9815 6679
2685 9117
6209 9610
3934 8212
9253 3032
1589 9594
274 2445
6475 7885
6379 2204
727 9011
256 6511
1608 3730
1344 3688
3407 3065
9417 3971
9449 4437
8029 7061
4970 5170
4214 8598
275 5324
9646 6444
9439 3446
1246 65
1733 2081
8072 9792
2202 4917
7143 8913
1429 9725
7891 2803
196 9962
1668 4286
6181 3322
7530 9474
6319 5254
5344 6770
8709 4553
1322 5891
8768 8167
3019 1811
5901 5007
8854 9612
7318 3770
7014 6580
718 9121
8959 1316
9566 2703
5147 8872
7428 5078
9801 1492
7754 9385
4185 4620
4095 6595
5566 9890
1484 3484
2282 3611
3239 3891
4780 3722
3059 3458
6802 2693
507 1240
1039 1088
9324 5796
2685 3332
6977 8943
4849 5759
7306 8139
3989 2370
1227 2176
1698 5792
9496 4604
8856 8561
6750 6180
5746 3743
5757 9540
2813 2249
7059 8021
9796 4790
9562 8913
6175 6428
5373 4802
4698 8238
3625 5336
7665 598
3526 375
1846 647
4807 9450
7755 7046
1732 178
5708 4892
6495 2145
4349 1702
2414 3159
1045 2291
3580 8010
7944 2188
4902 9636
199 2060
444 5958
1623 5223
4613 3705
9952 6029
2224 5493
9152 9335
702 8197
2535 6711
1645 1770
4733 5556
9543 5980
9098 4176
6819 4599
8816 6613
6553 2666
3638 6257
4686 9091
4402 3752
4305 4369
8080 846
9497 5014
1750 7114
5107 102
2710 4288
5189 9655
1524 9752
3628 1819
3357 3626
1482 9481
951 9059
4430 8062
5526 3931
8812 5467
9740 5976
4672 2732
5184 7620
3348 4485
4749 6201
8041 3291
661 6492
5619 8060
643 3657
4327 2823
1450 1429
6222 8271
1796 3629
1560 6279
7342 4912
3607 5123
5452 3914
9494 5352
3740 7709
1864 9638
1747 3285
762 228
5152 5980
9331 3840
362 4430
5549 537
4225 6336
9988 7993
1163 3392
9278 4929
1577 5170
8091 5705
9145 7404
6333 401
1497 3846
6893 1322
5000 1180
2965 7424
6042 2888
3560 8191
9202 9254
5916 3519
868 9081
862 3782
7130 9234
7774 1665
5526 6606
7076 1125
5133 9202
5518 3657
7426 2391
3758 4523
5305 3786
8274 2909
7287 4000
2479 2513
2671 598
4349 1966
433 2851
5572 2394
9471 9089
672 1572
5132 41
9229 3496
4118 5158
3172 1497
3273 3717
5567 3169
9523 4080
274 5003
6490 5511
679 8185
8975 8137
8963 3812
6424 1783
5681 4923
668 3118
9255 9603
7824 6871
4417 9211
4813 4819
4860 3413
8154 8442
1387 4852
8196 5430
3734 3865
1914 6073
6580 1131
3612 1055
2444 4234
5044 1342
8755 2263
6919 6268
3922 3143
5091 4490
4103 3708
1668 7305
7166 2705
3948 8539
7541 783
964 4731
1140 3561
3529 5473
5493 5930
5328 2920
7621 1454
5350 9933
9853 3163
9985 1756
8977 4272
2367 8680
3949 8999
4827 1275
6646 9861
1781 1435
2737 441
5848 2168
2721 2789
802 2501
8126 6774
8158 78
9022 4561
3672 7704
4706 4436
418 1698
495 9363
1527 6276
4016 2920
2886 4520
9738 9082
2234 560
8660 6548
7450 4382
114 8954
7015 1202
3999 1846
9654 3985
2314 4319
6900 4057
9884 3983
389 7568
8215 5256
9630 7911
6014 7148
9828 2253
7522 3555
2601 6796
2190 9742
9144 437
7888 2596
8605 3140
3748 381
6518 8962
2826 1745
9572 8373
8181 509
1226 7603
2913 4084
1844 2815
8989 9575
3673 8131
5550 6482
3243 2962
817 7109
1391 1075
8200 9255
3538 6461
5340 7146
6244 6398
5020 9141
4874 1411
7984 3157
7770 6870
7363 4573
2272 6520
554 2919
240 1186
1648 9451
351 5402
6205 6793
954 1386
8089 8361
6924 5706
7624 8814
5157 545
1422 5656
8750 2955
2976 909
7155 1289
6376 4721
6739 6574
830 8481
9856 2718
2899 7007
3089 2852
9265 1947
3484 869
3486 1667
3271 9060
2237 3283
8175 2228
2827 6420
5728 883
5507 7000
228 9928
9745 9841
3636 6944
9204 693
3075 2169
169 6326
2014 3535
199 461
4807 3254
8436 1567
1298 5294
3103 6490
4277 1825
6362 4360
7806 6565
3488 4793
9476 2214
3307 4109
1356 4934
6613 2398
9219 6896
7299 8888
8795 4700
4200 1703
3960 1817
6792 7064
167 5015
9665 8779
1244 3993
1280 3984
3441 4769
2996 9254
4283 3448
9342 799
1570 6682
9419 271
5100 3239
6236 6986
9325 9350
7945 186
7606 6839
3421 4272
7948 8903
8183 9826
1851 7609
6501 3747
7793 6059
1604 3674
7087 8315
13 7550
9258 1827
5992 1893
536 6056
3710 6144
3488 7972
6223 3006
9148 655
9918 6286
8210 4042
1003 939
693 1081
8710 9819
2016 1195
7169 7596
7341 7624
1658 1388
1080 4001
4923 6903
5044 1322
3841 4277
6460 1069
2545 97
1849 2788
2139 9852
3960 2998
3412 9230
2138 3295
6972 5326
2478 6920
1311 242
4366 2615
4369 3064
1147 7520
6681 2853
6602 6285
3827 1328
9754 8893
9861 8429
4059 7571
2711 815
4699 1537
116 258
7396 5371
457 111
5686 2956
4250 7924
3180 3245
2631 152
8331 3449
5165 2252
6314 9462
4938 9694
4226 6872
6451 3874
8464 5573
7071 1367
152 6501
5235 1454
2762 9210
3160 6251
757 9451
9195 7295
7762 2086
3634 3381
9981 3996
2336 3460
2772 3539
2073 5954
8871 1511
6295 2075
3206 2912
5224 4568
7438 1800
8063 7570
9955 1766
5594 3038
1791 443
9367 6395
2290 5518
4046 1434
3997 2798
6710 1888
3710 7338
5448 5086
5545 338
9619 7418
3198 5848
2989 9377
8221 4007
305 1547
7414 9438
6517 9312
8930 3836
5568 7514
8283 2165
7676 1092
810 2677
7791 8559
3993 3103
8182 691
3774 1819
8836 5803
969 7951
3917 7748
2901 3133
384 490
2585 7055
7421 3741
8707 2037
94 4200
9565 922
5611 8038
2822 5485
5135 1626
3786 2011
9243 5460
4517 8947
1325 6705
5520 7417
2155 4827
430 6854
5187 2929
1671 187
1216 926
1444 1869
1273 895
6926 9988
2080 2661
8501 5500
5662 7082
1669 1745
127 1594
7971 8651
4508 5738
8464 6444
3850 6631
4044 4934
3474 514
5649 886
3825 4984
5434 757
6705 1813
4805 2023
1480 5667
7650 6632
883 4024
857 9471
1135 7853
6259 4655
3180 797
5054 7376
7328 6808
8069 4204
3271 8383
7347 8218
2473 449
3809 9740
9136 9758
517 5950
2691 5576
4375 4323
9662 6114
5423 89
8489 508
4830 4918
3164 7502
102 3182
4168 2909
1989 608
4123 5839
1395 3816
1005 4875
6789 3367
3065 3270
3936 5761
3408 5475
7478 4580
8045 3031
8067 2493
7403 4533
5200 8989
1266 1871
2210 6356
4644 6338
6435 3739
4520 6023
656 5165
4418 6222
4329 7171
5453 5656
3097 2505
1367 2244
5826 6856
2864 7849
7708 3226
2987 3346
4140 7273
1003 3352
4475 5755
1908 5091
1762 1495
4775 5320
4804 5508
3945 5486
9998 6953
7034 89
580 8946
1428 3331
5336 9521
4381 7577
5834 3120
2631 665
7512 2243
5579 1182
9767 4759
7892 2611
381 1409
679 6760
9565 473
9313 3561
2118 5496
2718 6308
4558 3662
7497 9943
8945 7653
1789 2023
1651 2382
5990 1193
6747 6989
1206 6503
2563 4517
5368 3748
4426 8192
1835 432
9290 3656
5877 7467
7991 4291
1679 9041
3909 5672
2116 9445
8682 1627
2012 7972
622 3266
795 4145
2307 6774
1190 1501
7395 6090
6024 9234
5355 8360
1183 2991
2282 827
8558 867
2893 6497
9934 9158
5402 7607
5937 9179
8006 4764
7420 4339
4842 9906
1533 997
2838 4796
9866 7090
449 5367
2529 8035
7092 2854
437 4294
2064 8385
64 1921
1677 7762
8861 1345
9477 5657
808 2797
6963 9700
590 5191
2940 4065
6709 5143
372 8708
1822 6666
923 6906
5628 6651
6336 7563
214 6368
4069 3229
9543 2308
9231 5907
1996 9728
4041 7392
8044 5651
3757 7129
9031 1948
7590 2590
6664 102
8734 9874
8079 9356
1351 3300
2615 4917
483 2474
1345 6010
8245 2543
8033 736
7368 9949
6580 7059
7636 1845
3583 7625
7824 3232
9993 4485
7466 3100
6708 6768
5938 9457
5746 9912
88 209
530 1851
4930 7777
4908 716
825 2244
1852 7433
5319 7878
2904 1882
7636 3091
5101 4851
7188 5979
4320 8991
446 3617
9534 411
3691 7269
747 8310
4603 336
1154 4207
1886 2634
5494 2167
3031 2194
7848 2875
1959 9800
4181 4738
6010 6046
7654 4185
280 821
794 165
3760 6963
4798 7122
3621 5074
8601 4898
3043 7613
4111 7281
7392 1338
9041 8851
3226 7195
8297 5419
541 4941
7439 4609
4131 8195
7205 5943
3303 8317
6690 7687
4743 3529
4129 4419
5938 3037
3716 4502
4861 1564
5017 3080
9009 5416
9129 2002
3428 2532
2930 1749
8517 6
9735 7457
6440 4998
2414 7590
6656 3343
4943 7878
1232 4507
8858 3949
1341 7937
1204 158
1502 8141
8041 8246
4656 9689
6958 8943
1684 2661
5996 4637
9206 3186
2993 9961
3153 7692
6271 4698
6777 9759
5678 2754
2265 6410
7416 27
5688 4894
4488 2606
1502 806
2385 3673
8470 6107
4623 977
3316 1293
4858 5919
4052 1142
861 3898
149 1535
6966 9098
4461 1437
3091 8985
5149 8114
8832 7791
5250 4925
3981 9767
820 8852
5933 231
5489 6441
9745 2064
1405 7204
9538 8532
936 4233
7950 7815
4360 2994
1920 8041
7543 752
1514 2786
5175 6448
7212 1119
9174 4213
9037 2555
4865 8457
3860 2325
1347 733
2450 1802
1293 9644
9489 7022
6689 978
8412 6834
3181 4608
6482 2675
3887 9241
6141 6340
7305 8746
2904 6863
2666 9335
3383 611
6503 3632
2490 1380
1605 5052
8971 7635
31 2868
6688 6313
7950 7075
724 6966
846 5230
840 2128
1785 5500
2474 7091
572 7367
3813 8426
4778 3372
1808 3265
8447 4586
8968 4147
7321 4849
3343 8776
327 9565
2616 5221
2051 885
1667 6043
3227 6621
8249 9262
4250 4842
543 67
5865 304
3404 9471
3086 3456
5239 7855
2923 4900
7601 2532
6920 9916
5042 3485
6640 6191
5799 304
5797 7913
8925 6368
4381 3617
4863 5982
8479 649
6826 4503
3455 2717
138 774
6495 3499
4818 6504
4226 4916
7419 6542
1093 2752
3289 9492
6743 3219
1768 1351
7479 4919
5962 8530
4684 1539
7732 1503
3763 6935
9854 3049
2860 6720
1627 5121
9126 1450
1900 1008
126 9015
6772 7877
8005 1297
3553 7958
6230 3135
2250 321
5086 6681
230 1966
4063 8423
6252 5876
1732 864
9734 8721
7353 5823
1290 8686
9929 3242
64 5090
613 7620
4040 2628
4843 735
4135 4776
8210 8090
5606 9103
9494 6289
187 8661
3317 6221
8109 3023
6185 1466
7900 7871
7815 6714
5321 6785
5265 5766
7973 7135
607 8891
5789 2789
6342 9885
8706 9251
7759 5774
3483 9166
7075 1963
7348 6843
7646 3573
5576 7544
2328 4999
3388 6240
9225 3455
7661 989
9793 7502
6477 3972
7126 7608
6482 2480
6105 3108
874 8892
8348 7292
1191 6345
5256 1194
9679 4915
1024 560
8637 3681
8936 6549
6142 5029
6212 6068
287 731
9826 6964
623 5233
495 9763
5884 2159
7577 3232
452 7657
3569 4076
5764 6066
9050 4119
8213 7830
3286 7915
3044 4800
6818 7868
8160 8339
6394 744
3186 6057
2611 9629
6371 328
924 5239
6957 8718
5097 9706
5092 6133
1562 9237
1658 9495
8409 2195
3594 6103
1158 7797
3756 6003
2590 1897
7449 9558
9182 5645
3578 5101
6973 3135
1491 6951
5529 2833
9097 5960
2800 7191
5604 8667
9009 2292
4227 2485
4995 534
1317 2123
3545 1404
832 2431
1593 1639
8993 3970
3997 9362
9049 4065
3859 401
9005 9312
1599 4810
3719 7165
4756 2480
4122 2113
7132 296
3368 8113
8381 8930
4494 263
1493 7043
2186 1439
8307 1767
6648 5035
1164 6441
8927 417
1060 5037
6018 668
6880 3729
9504 9085
2607 6813
4850 4390
2254 9858
1776 37
686 9784
6385 8852
3327 4982
2111 2262
9476 8522
7772 8004
3656 2658
9108 1389
1153 7702
1659 2845
718 7979
412 6154
4474 3698
3268 1314
3349 1280
3447 3588
8128 6831
4951 9502
4140 757
5356 2747
4381 7012
7083 5752
2041 8550
8677 5047
1172 1377
7100 7840
4806 7250
9160 6498
5552 6540
4086 7031
929 5369
4485 3320
2111 7950
6076 8171
342 6619
9310 1184
6513 8035
6712 7414
5813 2337
7864 6394
4572 9396
2934 2571
6975 9637
2470 6958
47 1288
7900 2668
7023 945
8960 4205
6084 7842
8684 3425
9267 9554
7164 3050
1505 2236
552 3778
6781 5182
4669 7699
1096 7549
6603 8845
3660 158
4068 735
6908 1873
1574 1970
7342 1256
162 8884
5931 4512
240 8043
4911 9428
7035 1628
5954 4192
5333 5797
4812 8567
297 4316
9369 3269
154 2949
2623 7263
2528 4817
9122 6905
6945 5043
641 3298
8431 6648
6012 7411
1676 8811
7627 2164
3412 4231
8334 7730
5228 7292
3926 6348
9594 3984
6810 5285
6248 4976
8439 3193
5117 4719
1516 8793
9891 5584
35 4635
4979 3263
8101 7560
238 6970
8512 7366
1494 9727
5959 8347
8397 8621
9409 1375
5536 165
9294 8139
1598 7091
1963 5078
8687 1840
3705 1849
591 5923
6939 9619
9692 3146
2101 1612
5977 7360
6381 3486
7157 739
1936 2599
2310 1382
3680 5857
1277 2136
8733 692
4816 8197
7267 4263
2649 8226
783 6233
1153 9007
3138 5559
3821 8381
8003 8347
5967 1791
8629 6273
6229 5091
7932 265
5929 2031
9533 4894
7058 4917
5054 5120
1727 3008
3609 2981
3110 5940
8262 9686
1901 3823
7726 30
5567 3024
5715 8326
1188 3813
1730 7381
6312 149
5184 2068
6541 4532
2793 9598
2590 4311
588 6998
3063 8348
3053 2017
6888 4769
279 5058
4239 1480
8736 6005
2197 5465
5644 7110
8911 3542
1563 9448
7397 6376
4409 6604
9992 4662
2395 5077
2166 3195
7092 4225
2606 6428
8975 2621
3698 5320
3568 3628
6360 5126
4411 6047
2812 3503
2678 9793
691 9844
4915 8785
6113 2516
243 5483
7608 1806
2650 4460
4304 416
7191 106
3339 6307
1669 3599
4830 9590
1254 9324
690 2082
7780 2370
8410 6873
8192 2815
6909 2369
2012 696
6367 2719
7213 8135
6056 550
6135 4587
5766 2533
6580 1194
6715 1405
72 1290
3084 1767
9327 8358
4638 2947
9677 8991
1779 1626
3420 3285
769 4482
8434 1132
885 938
7483 281
1550 3882
2631 8695
8348 1073
4508 7047
6228 8057
5250 3432
2898 6724
976 8105
9387 9293
2202 2605
7609 5513
4472 291
5838 1000
8764 9791
3472 5443
5864 490
8695 425
7288 8144
9067 1172
9040 9434
6870 9507
3569 8786
4979 9749
2158 205
8242 1297
3085 7849
3846 9341
2904 1846
4758 6795
8978 9870
9509 390
5030 4535
1328 8030
3937 3154
1679 4037
1469 8480
4766 8142
6614 833
6605 4692
7747 1572
946 5363
6704 8292
3737 4960
4133 5158
54 213
1925 7862
5327 6187
2163 5506
9355 8189
4786 8205
6512 6806
5879 8433
2264 9651
3333 5970
6605 2067
3191 2252
2601 3418
8964 9205
8605 977
8893 6590
1463 3970
1373 1943
7185 6148
191 1364
1106 6135
972 6939
6466 547
7614 3727
9216 1958
5228 7262
362 5166
7357 6286
5303 8046
5550 8576
4188 4481
173 8833
2753 8895
549 5815
2153 1858
4565 6141
826 806
9718 5949
8174 1007
9292 6845
7609 3921
6742 1537
9419 9100
5826 7956
5273 1107
9290 1662
4319 4260
4977 6875
5403 2583
9611 4990
4749 844
8430 7347
4640 3268
4378 5764
6314 4556
6259 893
858 5307
3569 6929
6561 331
8350 8896
5614 3031
3777 3872
2809 8016
9405 6623
6510 3761
8446 6677
4189 426
471 8640
6043 1729
9224 4681
6636 2095
933 1870
1014 41
6577 322
9585 7140
5101 7872
9275 1339
5264 351
3317 9266
2884 9363
7564 7186
8792 6857
2968 1896
6206 7086
3560 9404
1061 2755
5971 7002
6548 7641
4276 6293
2065 7535
7742 9501
9386 4701
8205 6071
5448 2760
5098 593
1956 8287
3300 1950
7617 5695
8061 7104
2367 3294
4079 3306
7462 7240
1460 3060
5513 3330
7295 1379
608 7563
7976 321
9812 6025
8561 451
4476 1522
3058 4955
3187 4439
9017 8337
3655 5787
32 9743
9716 1489
782 9804
166 6617
561 4845
7610 1309
2080 7671
8858 5264
6474 8915
7138 539
4038 2291
8210 4844
682 9728
5158 556
7493 6091
5271 8894
6382 5762
8067 8740
7814 1674
929 8075
5833 5151
3441 496
2712 839
8132 3132
5115 3477
9701 1658
7990 9511
9997 5566
1990 5321
3457 9767
8795 2957
3271 5654
4019 6997
6974 8269
8915 433
1585 9276
5807 1389
7766 6988
5451 3256
3721 6016
3676 8788
4716 6547
5160 457
5039 9807
6634 2352
9889 2457
743 5379
360 7280
4500 32
1128 9132
2092 8938
6360 3631
9990 322
5819 1876
87 4274
5263 9935
4512 4777
1024 85
2901 3684
6090 3148
9163 9166
3252 3428
7609 1704
2016 9035
2731 7697
4864 5514
9295 2989
3558 2226
8323 5974
906 3614
6951 7903
9468 9740
5246 1285
4396 7304
932 8580
1065 3990
3902 4046
1770 9734
1732 4787
2313 5370
2667 6244
1639 9257
6623 3625
2764 8886
2121 863
3199 8679
9918 8038
8281 5160
7583 2296
4783 5232
496 9994
1403 4145
4574 8743
6079 6173
9248 8276
1054 4958
6627 5318
5165 50
8879 3388
4986 9344
1348 2965
1243 325
3867 1688
1837 3778
3654 8047
9900 7010
692 677
5002 9068
7135 8364
6216 5942
759 4868
7529 4151
9434 5364
9890 6417
5315 8769
2614 5875
210 5757
4508 3292
6224 5988
5961 8313
2216 9787
4805 2055
2804 9052
6395 4611
4210 46
7798 8094
4222 414
7189 9689
9192 8058
4362 533
6149 5974
5930 6177
7158 911
3593 752
3575 5648
4676 4594
7806 5512
2658 2216
8340 8383
1378 8559
3412 4081
8220 2983
5303 1032
9234 4376
1430 1027
3020 1789
4515 9826
5255 4960
8728 746
7788 7927
7887 8773
3324 3291
6291 9537
1072 3828
4415 8456
7250 9212
1425 7343
533 5566
1225 9095
7268 5786
6858 9089
9684 1073
6626 8432
7207 5012
1875 1743
2189 1356
5492 8181
1805 4780
7259 6809
23 7813
1278 6621
6646 2383
3926 2540
431 8475
956 8955
2807 896
3741 1498
9421 5810
8605 4578
7023 5194
8220 1958
3293 538
6089 2291
3848 2074
1616 7716
4846 4447
1722 4872
7772 9388
4333 5328
3286 5754
1506 1568
7484 5955
5798 1381
8473 9097
9467 825
9331 6958
4075 7862
3481 4366
4642 4876
6644 7372
7895 9258
1105 5307
4584 7235
6106 7361
4630 2618
8190 273
3408 4088
2204 3342
3507 1300
3969 4343
9361 3675
748 5666
567 4560
1652 6314
1206 3970
1171 5900
4936 7887
4012 9944
410 5848
717 7959
1942 1891
9197 6059
5597 7318
3278 5083
7588 9693
3942 8650
6691 7868
9042 9181
8416 6907
3707 8049
7781 8821
181 3356
9844 1414
7872 9738
8288 4865
7326 4616
4036 5690
7969 6176
7168 3720
8851 6960
5991 8960
1506 9927
7700 3325
1419 1106
4721 3019
2545 2996
6768 5216
5901 3834
1303 6225
8406 6037
3502 1305
8905 6762
1700 600
2837 5913
1027 3252
557 6534
6352 4871
7132 9912
7228 9875
1305 4231
7470 9054
9376 2412
6918 7262
5195 1175
5705 3599
3790 5393
2107 4395
9399 6761
6144 9149
366 4938
406 4806
9394 8375
6139 8255
1207 2296
2576 2878
9847 7904
9999 3845
2777 694
6028 7860
7622 261
2771 2199
4259 1825
2697 3905
7763 6479
7934 6081
2770 9601
117 4293
592 6623
6876 8061
4489 5822
5344 1397
8632 7510
8682 8974
2767 216
4044 3800
3836 4604
2247 723
1285 2922
6646 9386
145 4531
1748 368
2373 9429
7167 9099
4400 9304
3913 54
3919 4117
1863 2335
8696 2727
1124 6083
7794 6227
764 1842
6989 2139
2629 7266
4768 5639
7363 5417
3784 6449
2444 1365
634 2741
4308 1102
6937 8139
3725 6215
8241 3237
7533 8457
6599 7053
170 2259
2745 7899
9117 3863
5451 4990
1134 9403
2759 2764
2676 8556
1124 9614
2678 9314
2148 5890
2088 725
6101 6922
2964 2032
1071 485
9325 5197
2727 8689
8603 8813
1311 3340
5759 7937
7531 8927
466 5809
5864 4352
8022 9610
1542 6727
2361 4281
54 3608
3619 444
7906 6949
7966 925
8523 2319
6843 1090
4229 7913
8645 3453
8150 6218
6214 8901
1500 8791
6473 783
7378 2617
4010 9359
2308 3633
3102 1255
4131 4555
2521 7688
8451 3593
6243 6252
4724 1183
768 839
5221 8679
7129 9022
4377 6348
4239 7330
1007 776
7880 4871
7738 4350
474 6565
3410 5182
8447 5986
4409 5466
4741 5435
5173 3702
7005 3817
2560 5003
5934 5899
8276 2026
3648 4600
691 396
406 9288
9736 3961
4744 7794
9226 9169
3705 9906
704 753
9926 9318
3093 6556
809 9345
3095 7535
9276 1608
4647 4964
5226 7016
216 2390
2134 9245
5742 6877
1109 7350
1847 346
9268 4224
7880 6542
1484 3637
4658 644
8495 2074
8564 1158
6761 2138
3531 8520
5011 3891
7923 5843
1767 3708
7591 2494
8257 3859
3007 9277
662 6505
2103 5143
7380 8344
5529 6378
9387 4446
8084 3097
3809 3795
1677 5159
8072 382
5445 9187
3269 5152
2661 1949
2362 5214
6548 9892
5032 656
880 6099
5202 2558
6399 5190
2721 9596
9870 1367
9878 4088
2499 4008
9441 5418
6328 159
6531 9397
9338 1817
9642 744
9790 5429
8068 439
5039 210
911 6460
6493 3689
6446 5788
4484 2970
8618 1770
2368 5971
185 9646
8373 8651
7869 9133
9523 6866
6163 456
4646 9130
5188 9491
4226 1634
122 4725
1437 7954
4019 9380
1630 3444
5846 3810
4635 5352
3608 2677
552 3549
2123 5255
3672 955
9551 664
4713 2722
2564 6065
7176 1556
607 6573
6847 6754
8838 2468
4782 2094
2864 9316
6802 7473
7742 5745
1998 2248
1492 3059
5464 2108
1908 786
1007 9760
6270 8639
3473 8188
4306 5559
5278 6620
487 7051
1125 2525
8257 3063
2110 6471
7264 6509
6333 5
7936 772
5343 3664
6975 8500
136 2618
1971 4292
5939 943
7363 2179
7321 8521
4477 4094
4524 1278
721 3466
6068 986
5143 1921
8125 3576
5603 6411
7946 6370
7503 5325
5296 4924
2738 5346
4809 5140
8270 6819
5965 3147
8873 6112
8673 8941
4713 907
4438 2681
3050 6087
1216 1496
911 7760
5295 5954
7159 6253
631 181
3494 4494
5729 669
856 835
2584 1983
9682 7939
7328 7559
4874 7297
3627 3485
9385 7922
4725 2903
3838 7866
4191 9804
3291 7784
5815 7206
9487 6911
5215 9886
4274 7924
7464 495
1131 7000
2080 2391
7705 7848
1566 2120
3336 5908
3054 9771
5146 9869
4933 5211
3764 3599
3867 8400
2840 2563
7908 853
2485 8031
2335 127
3558 7411
8238 7083
4076 3116
275 2898
6116 8292
6293 3154
1079 6428
9251 2887
7055 8290
3019 7834
6799 9046
5344 9508
248 5375
1047 1738
9909 4618
69 8818
437 6220
1222 6733
2658 4624
6314 8093
9699 8259
4222 8519
1428 393
2762 4848
3063 7236
1975 1562
9031 310
2196 3917
4943 4381
2795 6953
3814 3570
898 5548
9849 1238
3082 7943
8685 1689
1494 9022
2657 7944
8407 1551
6064 9007
5584 2711
5718 5854
4689 6407
5989 4747
6115 8899
2035 2701
1810 1024
7817 6443
6333 4134
8270 8675
4730 5076
1106 644
2951 9942
8767 8887
5106 3980
69 6004
6740 9009
6935 4766
8235 5848
8857 6797
282 4038
9793 3680
6793 8554
8870 2015
3038 8901
3707 5136
4680 4400
9977 4148
2438 1667
1284 8286
9137 3118
1001 3700
8080 9021
3089 4251
2796 4792
9960 2230
5943 9374
2756 4495
742 2945
2539 6281
4427 8887
3838 5299
5161 1668
1053 8533
3738 4274
2708 6538
3794 1827
8676 6581
5139 9461
3124 5203
7889 5357
9812 8884
6200 7710
4303 150
3796 7529
378 1836
7612 3070
4096 4848
4419 9360
7731 2007
2383 420
9441 7023
664 6855
3200 5555
9687 8667
9531 7658
293 2821
5067 2688
1921 5101
5957 9633
9266 1202
9195 93
2607 4922
3906 1434
1993 1362
8959 8324
7822 1511
2104 6584
5466 291
8251 8251
4396 4601
1196 750
7473 3288
9273 433
4869 9414
6228 7232
4634 9081
6834 9644
5881 4646
9461 9730
6188 9679
666 3034
8842 9154
6867 1512
4290 7133
5339 7906
1466 2318
8282 5140
6224 1920
3326 1889
8316 9925
1904 6313
3061 9430
7624 8963
209 2516
8742 4947
6777 6958
701 3959
3600 441
9120 1900
8784 8708
4097 5680
49 3582
445 2530
6682 8050
9734 2468
1261 7301
4205 7786
9561 2834
1329 2329
6762 1432
6091 4855
4040 7929
8431 3283
7010 3907
1496 9032
2951 2595
6642 587
4119 3861
4698 2438
715 7380
4346 7986
8778 7925
8631 591
5815 9903
5317 4949
838 333
1381 8386
4879 6423
4878 2175
3516 574
5846 3944
3494 1432
8246 222
921 3176
812 1033
200 8796
1567 883
7052 9610
3996 3125
9884 6034
2508 1856
5475 2584
5139 2000
2025 5624
6823 9298
74 2744
476 5686
293 2097
7370 860
5088 3725
8613 2772
5107 46
7273 7977
2752 2638
6175 5475
8834 6086
3285 3912
6297 7002
5123 5434
6167 2691
1901 1938
1685 4042
1912 8876
1249 1433
2173 700
6573 1177
9121 8672
3381 9221
7166 8302
1153 9040
6939 2165
4168 2244
2896 1592
7953 9982
9850 2187
7972 3004
6809 6877
7180 5157
7644 4047
9931 7164
9222 672
3031 3090
3780 2238
3289 6054
232 955
1418 8136
5295 9160
3870 7596
2795 9220
5255 5550
165 231
6139 4833
4156 9787
7184 9540
8634 1233
7887 9952
5091 8894
7483 6164
3211 3105
3967 7808
1411 4990
3401 1051
9611 9440
7064 1624
4814 9283
2559 990
7562 7421
5084 133
4187 3627
3863 8802
3798 499
917 1608
8125 2597
6291 2926
9724 75
2945 9248
416 5521
9003 330
9103 8926
2712 6922
3275 6516
9037 175
1508 7323
3805 4126
6354 8461
7209 4256
5076 9567
9958 7006
1525 5868
9992 9666
3334 4385
6415 6386
3439 5643
8900 4568
5121 5286
4389 1512
3061 8380
5091 8604
4645 6568
4347 9303
3586 2273
5773 4408
2765 9550
7174 8709
2576 8869
4763 2168
733 9792
2435 4693
9542 9487
1546 3610
129 101
3042 957
7935 9609
6460 4705
8377 6989
6478 9376
6300 422
2067 6971
9969 3057
2804 3521
5573 986
2548 5054
219 885
1468 4475
8390 3653
8692 7908
2356 600
6045 4414
7980 9744
5165 5628
6713 3794
6601 5437
2174 9249
5854 8876
8623 2179
4563 8389
1280 273
8319 9812
5673 6564
5551 1915
2682 4358
1723 1006
1710 8096
4014 6942
8126 7964
4660 6971
3071 5931
844 3813
9903 3580
4942 1996
7184 1063
2730 4869
3978 9633
4868 7345
1558 567
2894 8828
7312 9795
3132 8591
1466 7197
9012 8395
5630 7356
2559 9436
4464 7136
6478 4349
9622 6797
2636 2654
4634 3147
1895 2435
3959 3094
7295 2036
3422 2658
6024 8615
4658 1422
8723 6544
3031 6793
6114 486
356 3703
5408 1924
1739 2602
1669 4895
6731 1535
3875 2836
9767 8645
93 2545
7627 4371
2349 1653
7605 9603
5647 5346
9544 4462
6970 2774
6479 647
5168 9078
6635 3220
7859 5429
6692 6397
4854 2039
1121 6991
2504 5149
9316 401
9927 7621
9028 1687
6831 64
1461 6700
972 2497
9753 7797
4434 7791
5998 7322
93 2371
5308 8004
2111 509
8366 7988
9486 9034
7318 3179
6268 7821
3638 3910
9119 1990
6447 3220
682 7587
4313 1217
4383 1344
1582 51
537 5172
2920 6017
4602 2296
585 1032
5236 5801
5174 3492
6968 4280
1663 4268
7957 7912
5235 2274
3800 239
6139 375
3657 8599
8229 2930
4597 2712
681 2671
7681 6178
6603 4634
3248 1754
7976 3414
9812 1480
7175 1950
2040 1309
6027 9515
2832 6072
9547 4472
8206 2749
4806 6368
7786 505
6320 2769
9067 5533
9047 7314
2870 9750
7104 6077
343 9159
3724 2711
1023 1823
841 9529
5387 2615
2532 6878
2302 3041
7663 5605
1454 3578
9241 4346
1574 3414
6902 1717
7972 8269
2357 4027
7701 4986
82 7321
7958 7396
4867 5101
768 1732
3406 8165
9930 7936
2179 7714
7944 5151
576 1840
6922 2983
1911 1575
8222 7229
7703 7292
7554 8348
2807 6671
8716 8004
8567 8935
7965 7892
6210 9111
568 1392
2843 1580
7125 7995
557 1341
2267 9579
369 6864
4015 5868
8758 4876
2851 6456
50 8643
1975 4200
8380 4228
2489 7809
1229 2991
7141 2671
52 7906
2626 7571
7130 2961
8308 7121
1266 4471
4263 7683
5884 1201
7391 4218
7851 8758
7180 2785
9965 775
2637 6221
9293 1525
2561 6981
7969 3146
8557 8346
981 2739
9877 1758
2255 2673
9617 3216
9035 4893
9799 8164
6139 2587
9453 2124
5823 7471
6351 2224
4067 5504
7338 1972
4394 7911
9524 6777
5042 4043
4641 7420
8920 5116
3251 2779
4086 4844
4206 4506
5751 1530
4163 4036
4395 3331
1229 77
6270 5710
535 198
3797 3750
1307 4873
8785 2206
5359 1901
9661 9203
2308 2556
2457 3816
6755 7686
5847 7954
9156 8440
6409 4793
5343 978
6057 3172
5562 499
6646 1713
9190 1897
1445 2845
1120 5720
161 4805
3403 7751
7749 5609
199 2296
376 6039
4419 693
7104 5533
7946 7538
3480 8585
3462 7291
6312 2958
5846 5109
888 2465
4481 4465
7000 293
7439 5734
5414 1405
9644 6070
1399 317
7941 5582
5740 3180
9219 8231
2115 1494
4288 5687
9870 708
9340 4064
8451 4841
3358 9783
4043 6589
7871 2672
3765 9586
6055 9197
8740 2592
4863 7884
5421 7615
2360 5859
2792 8258
4794 3953
4112 8770
1419 4157
9588 1215
4769 3906
5736 1518
3702 4535
5776 4122
6548 9223
480 2552
2756 2613
4859 5693
5603 1920
599 9977
3650 8942
2109 9531
7145 2922
3233 1219
9101 6290
6189 7268
78 6108
4360 1006
518 9513
1810 4242
3870 2662
9085 379
4294 7274
3335 6752
6934 2452
9834 3278
4994 3775
1584 6315
1958 7867
2347 1529
8151 317
2974 128
1059 1886
3071 5918
9904 4661
6720 3316
3464 6732
6319 709
5966 6516
2706 8705
8065 7805
1922 7168
4241 5595
1498 7077
4132 7729
9034 1672
5991 360
5896 454
3367 3788
6746 4151
9230 5432
8197 1260
5409 5913
9252 1051
6583 1384
2908 8883
1009 4360
3263 6087
276 3861
2717 9365
762 9498
2803 2904
2709 174
7964 7783
652 4801
2072 7977
4100 5653
5044 7910
5203 1292
1618 9974
8755 933
747 5049
8335 3805
643 3457
3520 9683
8444 3794
8622 9075
6262 4938
243 3688
8588 2235
2304 6504
9418 1276
6798 8958
3810 699
3864 7770
3997 3051
762 6752
6789 9901
396 8882
505 5039
2431 4876
8783 3369
9884 5937
8858 1307
7006 1296
2714 6608
7214 9452
3326 3684
2619 3619
7444 5501
8570 9587
8374 2579
1858 278
4942 9120
3039 8625
9024 1505
5992 250
594 2320
6480 8515
1786 8603
4256 1811
970 5096
6926 6574
5070 6730
1317 6675
8476 7284
6901 9083
9726 8729
2566 6711
907 6352
6235 9509
9697 3271
4868 7780
8293 4355
4548 5257
5495 4792
4016 8534
1217 6986
5349 1473
3220 6641
9661 4504
6184 5715
2844 5328
9581 1099
7815 2316
9942 2676
1207 4191
1215 2678
3998 300
7187 2253
2733 4423
7836 7625
9535 7147
8141 2023
4817 419
360 8778
1676 7748
8786 3473
262 7653
760 315
8838 6701
3268 3999
4355 4109
3120 8273
6519 8845
9940 9437
4982 8234
9573 4168
9627 1575
5884 7352
6593 741
7221 4252
4591 5288
3402 7030
7592 4299
811 2841
33 8421
285 5300
5678 6211
2421 6890
358 3266
8706 3475
8919 693
3463 5015
5392 810
9430 2143
2819 7704
4545 7630
2799 2523
6996 2923
8146 9961
8261 1273
8333 594
8230 9107
5697 75
514 7098
6885 7005
7463 9670
7296 6342
6931 5662
8215 3666
9853 5922
663 5876
8479 2825
1222 9445
208 974
5947 4474
5536 4951
2699 6922
9127 2665
8365 6283
709 688
2703 101
6649 7230
8004 3378
5397 8045
2805 7709
7153 8351
1057 554
1561 280
8727 8354
1483 4759
5008 8149
9705 2768
6434 2533
5243 1544
3408 1137
9467 2734
7327 6704
4490 2537
5425 1391
3753 4245
8000 6162
7969 1285
2206 9251
9787 2781
3888 1195
6976 6026
8122 1103
6375 9852
1299 6920
8027 2156
9300 5357
7568 5726
4769 8962
2907 5234
5811 1294
5976 6342
6595 3070
293 3129
3974 4096
2175 7686
4308 3486
9510 9302
9551 342
8070 4182
5678 9159
4708 7008
4432 2236
8660 5706
9358 4578
7302 3483
4763 4248
6853 9494
7494 9216
9611 4836
3906 9814
4790 7303
3946 6527
1229 20
7793 9924
8135 5301
3078 9247
1244 7109
597 2599
8937 2353
5712 9909
7945 6151
1833 226
791 6865
1805 8226
8540 453
7246 2838
427 9048
5481 4275
8443 7148
8798 7172
832 5098
9434 9585
1993 4553
5896 2846
2026 754
6912 2796
7061 8309
3964 6164
9598 6860
9740 4931
6845 5947
8141 1766
321 8221
2299 3478
6289 7160
4863 6978
6158 3234
1204 9331
5923 6892
1593 7826
8438 8709
2866 3076
3881 7737
5379 4739
9191 973
3492 6222
3668 5979
1670 7643
3428 1161
714 9830
3854 4379
5484 5998
9294 2566
2310 7392
3159 8946
1016 2429
5735 6135
8551 4479
3684 6023
8751 9420
6578 3110
2296 3918
8252 5174
4158 4376
9014 4880
7474 8383
1628 7250
74 1699
8544 1790
161 1853
5960 7337
3717 6766
4241 6242
3591 7334
3828 9012
2911 9986
6611 106
6637 8655
9726 2234
2879 8811
8585 1417
9393 4955
9869 8876
8356 8794
2002 5938
9220 5304
7027 9916
5157 1239
4907 1363
1735 9692
8956 7515
8427 5853
5527 6155
2161 9054
1630 6756
3415 9779
4001 3212
4746 5196
3746 3550
9463 9919
8048 1406
2869 8585
7884 2063
3449 2774
5242 7672
9309 3507
6745 9336
1612 5461
3552 6316
7433 9521
4068 7543
3244 3123
449 34
4713 9800
1789 8875
5463 6005
394 9798
5481 1587
3970 4462
9720 3611
8162 5323
3508 661
3579 2574
2872 7339
9501 7393
6674 6397
6923 2271
4759 2917
6147 3178
364 7126
7370 8314
1579 679
3605 2767
4565 6969
5877 948
5552 2997
3088 1951
8688 7105
1924 6573
5762 488
7955 1879
8788 9443
49 7000
8044 283
3696 3505
4901 2859
5356 9526
725 9026
2001 2961
7194 4074
6155 7800
9026 8274
845 8831
6190 4060
1759 8039
2471 1904
1833 8463
5081 5056
3742 1537
8791 1151
9426 5485
9459 767
1883 3698
3 5971
3602 9761
8936 2347
9649 8664
1960 8018
3208 6463
7217 3407
8046 6887
3397 8585
4082 6817
9482 7163
1245 3781
9294 1702
3721 2970
5180 8609
8863 5785
4793 37
4755 2464
4708 194
3719 7415
7574 1970
2294 7236
2367 2441
7202 1401
3532 4146
4503 5397
9319 2283
9077 314
8342 9506
448 6521
9542 4581
5444 4120
291 3542
7436 9746
5208 2642
3768 2111
15 744
8859 1234
6704 360
7008 9331
1303 981
6614 234
5512 5008
4444 9144
871 9956
9013 4198
409 1900
2078 7741
794 696
1881 7967
8879 2190
7745 2750
6013 1551
6062 5903
4805 6442
434 5168
2369 7302
7979 8275
5398 5641
9166 8002
5791 8685
1691 8827
248 6857
6145 2449
4374 4084
5689 1371
9504 4724
31 4073
7419 9532
8348 6012
9014 4941
2989 8549
3519 4659
8576 4779
9513 2266
1662 770
1951 3317
2183 3929
6803 5086
9215 3751
6247 2820
9728 9570
3574 968
1451 5707
6031 6862
287 613
6034 6371
6352 6879
1071 8934
164 1947
6266 2816
1553 663
4796 8729
9904 9597
8619 6086
5126 3677
1714 1144
1142 6590
8591 5760
8680 4851
5694 7222
1175 5877
6756 2526
7526 3219
6547 5861
1845 4140
8179 5313
9082 371
7633 9679
8937 6441
6189 6553
7080 7032
9974 2797
676 5321
4048 1166
2142 5168
1018 6004
8038 1913
4277 7411
2132 9588
6158 9010
2009 9271
3423 9013
4357 3867
9500 1517
2248 8437
5041 245
4999 8771
2114 864
7889 6439
5470 9394
5187 9924
9513 4560
7392 195
8662 6225
5428 4038
687 7865
1277 8139
7218 7653
3363 4755
7612 7364
5797 5470
397 8325
320 4788
9588 168
3544 2706
840 6926
9556 4831
9412 7161
7147 6244
2162 2294
3118 2217
1679 7687
9828 6972
2975 5695
52 2498
665 1203
2601 4964
5627 6625
3635 2575
5699 9784
4737 2478
4903 6296
1810 8433
2643 3555
8122 1688
3552 5897
1534 8088
6460 2824
5864 4959
470 1076
3800 9747
9366 8630
1944 9081
6383 9587
1052 3276
587 8407
3988 8650
5620 3380
757 2528
1686 1275
9499 4089
5635 6154
6235 9807
2810 4114
8082 5070
2936 2651
3821 687
4156 885
2231 7199
1725 5954
971 7395
1750 4904
2823 2950
4053 5642
7386 1024
8652 7891
6145 4993
1287 1341
1277 3724
8331 134
1030 6670
936 5109
3380 9092
8381 9695
1879 8533
791 7973
956 5228
5394 544
4636 2293
5598 2975
5797 3616
8871 7328
4457 589
9611 2399
3855 886
2515 4947
9640 4370
9144 6450
2059 8265
606 6783
9753 7941
8642 9738
781 5684
6881 9017
2675 1595
1172 5471
6303 8833
5074 3473
3577 4719
536 1198
8560 3830
8745 493
2368 7690
6127 6709
5288 9242
418 9207
9720 2396
9220 3851
4505 4781
8089 5902
6033 978
5806 1820
7014 1318
5017 5452
8947 7062
2708 8061
3410 5358
4178 5254
2295 8532
3987 933
7432 5730
8139 5175
2765 859
6958 2214
911 5018
6432 7193
9348 1227
6072 8535
6051 7637
8294 3570
6619 3466
3305 7541
4481 6296
4155 460
9552 4675
2747 8456
9051 8055
9600 7818
2787 1492
3819 643
4953 9445
9748 5612
2720 2793
589 2434
7078 259
6304 8070
4312 9706
4011 8557
3196 7378
5288 5314
896 8827
4726 7470
1284 1507
1432 7252
5551 1122
271 5744
959 9766
6826 5900
3486 3931
8040 703
1855 2660
3387 8329
9618 1133
5241 1919
1256 7752
5262 6162
9493 4526
7322 3905
8314 6828
7571 9234
1904 3749
2865 8028
7025 1771
3731 7965
2 5220
9495 9033
4514 626
5117 7558
4841 9249
8887 9785
4105 6632
4984 62
380 1492
656 7213
8621 4186
5956 281
8457 7775
2436 1570
8139 1010
9771 7885
1021 6455
7834 2065
1979 6185
8747 5963
7597 5548
6428 7030
1596 3301
6692 4280
3728 5741
9060 5596
3876 8779
9422 1422
3570 3792
3998 2895
3604 5791
1013 0
1585 1585
8686 8308
4072 6072
5898 9289
9126 138
4059 8844
7752 4329
3548 6404
1745 6962
40 3429
6888 451
1350 2821
2350 8193
5302 6743
8458 6002
646 184
5154 1504
6615 9092
4464 3364
4159 1341
2829 8084
6950 7412
5269 3278
5149 1684
3828 5733
2817 314
2149 3284
6481 5389
2563 9586
5009 1267
7183 832
2531 4870
4659 6435
9817 9178
2329 7822
794 8199
404 7584
882 8102
7058 741
6195 8813
2982 3884
2379 7926
5374 6489
942 6490
3699 5450
5903 6731
5396 5517
9549 2606
7023 3631
6882 6037
2110 1740
9148 8218
5040 3346
4144 1600
7923 6807
8159 3798
3052 8099
9075 2737
8140 9388
1346 5228
6553 9776
7864 6357
7131 3835
5928 7927
9522 6778
5394 385
2164 5342
1164 2613
7623 4663
1970 4643
1296 3042
4690 3795
9033 4462
88 6389
4792 7267
8662 8433
5992 2143
4226 3048
387 1285
6575 9485
4516 9451
3550 3576
6991 5979
9395 5129
7144 1186
189 1007
587 2077
877 3625
1094 2846
8943 1392
230 7016
4731 6995
3837 7016
8054 6156
2138 5717
2580 1942
2891 5921
9826 129
195 4256
206 4730
8790 3667
4959 9378
2267 1834
2556 2917
6935 5906
9381 6916
9817 5421
4067 5454
9359 3164
5153 9480
9579 1480
5289 8513
2760 4271
369 8300
1656 9416
4041 6118
3201 4421
6101 2922
9503 2967
9118 6363
9638 8892
7959 7055
486 7688
4869 2680
2451 1637
3805 6248
5440 7869
9616 9958
903 7251
5313 5086
4141 3059
263 698
4488 9934
4107 2428
1228 7429
3641 7911
4670 5007
9026 1043
3555 7093
4345 1083
9516 258
4808 6649
4762 7596
9814 9763
3814 6626
3332 4479
4629 6295
2413 556
7790 5356
4769 2159
6507 9021
5938 5524
8553 3512
3605 7252
6219 4144
1585 5128
2791 2639
5765 886
2837 860
4846 4643
2355 9013
776 8722
5884 179
6415 6643
792 6452
583 2482
6421 3577
2604 3549
5282 2904
7206 3820
1681 9768
509 3321
3709 1775
223 206
9773 5228
5960 2562
2322 7695
6292 6083
3483 3315
7321 2539
5556 9013
5968 6426
6414 398
6692 4896
1234 9533
6748 4712
3188 1311
4561 918
893 9451
3578 5640
1713 5617
7725 5770
8079 1558
7904 7290
7705 9138
4474 4339
9322 1467
9365 7315
259 5595
335 2664
9956 2360
6719 4312
3081 1782
77 8943
9394 3636
8476 5450
3849 7061
8290 9622
7699 6193
5123 2740
9496 351
7055 6785
1626 3281
389 7105
5308 6153
781 8985
7095 4472
4454 5521
2529 7748
8443 5368
5845 4364
9002 8776
9016 947
1821 5355
3226 7385
5421 5564
6766 139
8926 4714
8593 9851
1187 413
2591 3979
1894 4106
8619 5101
2236 3418
7181 8091
1083 3753
7238 783
635 8856
7948 6652
2195 6116
7031 2448
998 5806
1387 9725
2457 6475
2537 6929
1722 870
8126 9466
6168 797
4924 2462
6006 3163
7340 4655
6655 5077
3774 1505
5127 837
1540 8468
7561 4770
8121 2564
767 5229
456 8219
6574 5107
9529 3308
4338 8939
447 8714
8453 3379
3593 687
432 2715
8049 6897
2369 3035
4253 9596
5762 985
4481 344
4646 3019
1174 4193
1201 4441
9782 9727
9873 1242
6794 3544
6734 6907
2872 1770
9411 3031
3337 9767
2904 8752
8253 3004
9604 8894
9873 3469
9073 7363
9261 7162
570 4637
5358 2993
5803 7484
5400 8197
7158 4388
381 4951
1238 2826
9108 9103
5562 5758
2403 5623
1551 4081
6297 9744
3787 8696
8348 9438
7582 8837
6709 9266
5724 7510
9817 9103
7119 4164
1015 3705
6710 3802
63 9361
7056 8643
7075 8641
8914 2351
4819 8368
197 8831
4865 3515
9228 7532
205 9101
4627 8213
8494 3495
9496 1628
6956 4307
8167 8029
7464 4381
1439 2453
6288 2945
4721 5300
8528 472
6749 5769
4879 4954
587 9162
6487 2993
5234 5196
6196 6786
5248 9440
4657 8680
3418 5753
7946 5083
5175 6809
5702 9307
8934 6104
2812 1878
7663 7406
6654 6298
6603 4690
3122 5280
4766 1702
390 1665
6798 4482
3717 2421
5027 7796
2335 552
8095 6678
5914 3730
9617 9237
815 1592
5168 9875
3776 4218
1610 4020
3255 2048
7399 8623
1167 2463
8375 2978
5394 1706
4476 596
7778 6969
3888 1507
8815 7319
1249 4440
5770 3488
3373 5793
1628 6911
6708 3420
8928 2912
8636 4991
7227 3869
8213 9180
9934 8960
3185 3186
9234 2277
7266 8023
5805 1522
4199 4439
2367 2564
3829 2321
3369 9084
8507 1380
3073 5682
9564 7429
7944 7029
6402 5233
1904 3003
5565 4588
7985 5790
6722 4013
768 9895
4281 9735
150 8483
2852 3772
1473 7216
5306 9692
9999 5451
1013 4938
1043 4044
2259 7566
5295 3053
9464 7059
5747 5667
4861 836
6395 2213
4428 2861
7375 458
776 6445
6054 9485
2044 2004
7285 1841
9426 8964
6929 379
2746 8293
7851 8294
6555 6278
696 8795
7897 9061
3119 3053
229 205
4100 9371
9097 2529
7757 1351
2461 8560
2037 371
1323 8755
1262 576
1044 5653
6201 5930
4112 2482
4356 1939
1553 1744
5524 427
9734 5767
3138 54
8756 9593
9393 7157
5963 3595
3435 5813
3444 931
5413 3810
1742 2365
370 1538
1577 8062
4594 6320
4281 3370
8494 7033
2234 4980
412 7989
8819 766
5078 7040
7317 33
5287 4163
6018 8699
8969 855
1064 148
5416 9513
8176 1515
7901 5617
7859 4673
1517 7607
5134 3508
4475 34
5860 8330
878 4450
6447 9998
8074 768
24 7602
3556 5368
9821 5012
6667 603
5970 1853
7795 2188
4043 4682
4744 8149
4992 7243
6060 4260
8798 5982
855 3521
7127 2695
7751 1180
1906 561
8964 6211
6554 1572
548 311
6605 1398
559 690
9868 9711
7019 15
4145 5997
7111 9213
4924 8492
5761 8698
400 1022
4192 1053
4008 8232
206 3138
5623 9693
1242 9146
8254 8063
7236 1588
6553 4335
275 3482
8851 679
3994 1047
6396 9773
9758 6821
8070 2063
6213 2227
2399 255
4914 5666
2926 7486
2685 2273
5442 634
2729 6719
6516 3024
8411 6662
8664 1342
6045 5812
1462 8652
3830 4806
2674 4854
8266 789
1564 5974
6608 6735
5123 1612
9502 9249
389 5480
6404 5877
1796 6670
100 6672
3508 4005
3852 8091
6965 8678
8707 554
6514 638
4365 9083
4914 9316
7002 8301
9345 2030
52 3936
6477 7948
8660 9453
4304 5857
1179 6565
5800 3547
8875 4507
1072 8378
6599 1134
384 2831
1257 8583
8551 8660
375 8786
1322 6763
6620 9859
9241 9067
7336 302
8074 9805
1352 2137
8016 7898
7260 6465
1549 8733
2968 5286
6527 6165
3701 9037
3180 4319
5947 38
1873 6446
1317 9077
3048 1385
7787 9363
4724 8040
2000 5886
2795 3980
7357 9005
7590 6011
2763 1695
4273 2371
408 1205
3737 3907
7484 7402
2807 9584
6948 2239
4530 2594
7354 7220
3422 7479
9863 1866
6962 9408
3572 7851
4023 5879
4008 7452
1173 7032
696 4376
7648 7762
4487 3492
8265 2031
9604 7796
4064 8257
3504 1782
3970 9107
3910 1870
9940 1719
6730 581
9464 6288
4324 6742
1353 3517
5327 5044
3757 8478
5092 6550
4566 3124
8535 6704
7836 2496
3845 8999
6838 4292
2728 3400
2255 6585
55 4297
1551 1979
2315 5122
9029 4141
1112 5096
2178 809
355 1128
357 2302
1632 1543
8537 1787
2432 437
6987 3384
8795 9772
4309 3608
5059 2641
7732 8136
7689 5087
2684 7642
6517 378
2909 3959
8006 2155
454 8740
820 9205
4507 5905
7090 9754
2878 3319
8917 9230
524 9702
9747 4628
5656 7854
4129 602
2651 9169
1302 3202
1466 5992
9641 1374
8392 8719
2873 237
1594 9808
4433 2863
3516 5397
350 2039
28 8796
9277 6396
5186 1118
144 6540
9288 3928
5827 3752
401 1461
9156 3663
560 212
6765 1503
5057 2017
9678 4615
1355 3043
4366 9569
1058 322
169 2265
7555 682
4567 1617
2651 3824
6143 5577
939 7327
3562 8025
2579 6129
7959 5455
3100 5709
7011 1366
9045 2540
1832 98
9560 7144
2435 814
1236 9483
4251 7875
4812 1149
3263 2528
2226 3625
2510 1942
5494 8640
1582 6872
8230 9100
2432 9410
3091 252
5984 1416
6213 1534
3518 3898
2391 2381
4129 5178
9493 3430
2117 6440
5548 7496
6331 1884
3797 6757
2732 3605
9169 522
7486 121
5517 3172
9031 1313
7937 8599
7201 820
6961 3787
5621 5284
9974 9534
9582 4699
5281 5088
93 2748
684 3233
9575 3918
4114 8568
1069 4442
8521 9637
9519 1208
6297 9356
8695 9241
7900 4124
252 9792
3906 9723
163 620
7596 6484
8752 8727
2524 5689
5124 6454
9642 6761
5442 1312
1748 5037
2193 4255
6431 5409
5154 1151
9178 7773
5037 3197
2082 81
1705 3047
1722 6277
2930 4834
6437 4247
2872 5042
9802 822
8299 509
8881 8115
1697 4864
1153 3856
9890 3392
5080 7806
2732 6163
5485 2315
2093 3066
7253 3070
2028 1984
9951 2520
9178 1083
9740 4387
6324 2942
1631 4024
6578 6194
5886 2175
432 9280
927 2724
2729 7467
187 1562
1218 9254
2689 6237
7519 9890
6241 7339
7922 3514
7829 7309
9603 5252
6557 6981
6017 917
3292 494
4494 1642
5475 5648
9237 9525
4039 1017
7308 4768
1342 5203
5908 9675
9599 962
1239 1715
8197 2770
5156 7407
4529 9474
7026 9007
6833 5628
4906 1733
762 498
8618 6198
4249 3577
943 6218
9830 802
7015 4605
9162 9887
6450 9877
3512 8074
74 1605
9596 4190
1055 9592
8082 3204
450 9335
9298 5216
445 1683
1320 6166
5479 5186
46 9887
6272 1835
251 6396
1636 94
6584 7866
1489 571
9811 9164
5581 3658
338 9966
1304 9545
7915 6886
8502 4235
815 6019
5805 2995
9761 2233
6531 1110
3777 8033
2573 7236
6358 8743
9836 5857
6963 9302
5030 5234
6842 8163
730 1766
1752 8011
974 2051
7770 9035
4639 989
340 4063
6712 388
1402 5338
9192 9933
3235 9067
6002 8370
636 580
8793 9276
8324 9785
26 4848
4396 8557
2104 7148
381 7972
5823 1471
9405 195
1500 4244
2746 213
9950 1346
8492 3515
5372 9164
5718 2828
6236 6486
9463 8273
7435 863
1189 9183
884 3545
1324 8077
1155 2065
2252 5888
2942 3432
9178 9275
2717 3944
5897 3031
2620 4143
3477 8994
9389 9453
280 3660
2713 4244
8154 6492
2610 1774
5606 5767
2932 1146
6595 7887
6842 4363
4335 8660
1662 9615
6490 7095
5991 8651
3261 8251
7020 1912
614 8433
5455 6369
7307 3236
2389 639
4047 2770
719 3352
7147 9589
9031 5749
284 2197
1159 5787
6487 7248
8910 9297
2233 1855
1098 9737
9923 8579
4585 3618
166 6528
9648 1931
348 2552
5869 2424
3929 7352
4650 2100
6663 3117
4559 997
6793 9238
2576 6137
2983 5145
8784 3525
4826 4367
4101 3706
7008 2987
3764 5898
1767 7847
9298 5747
3393 909
9385 7685
2890 7018
4642 6602
372 2117
827 1098
3930 7894
9555 7592
1577 3459
8463 4479
7804 4138
8613 8714
8943 7664
8634 2131
2038 3916
7778 7488
3253 2323
9060 3150
7096 2217
4853 8628
2528 1582
902 720
654 6767
9464 7206
3214 3643
3313 3792
9440 2171
5114 8091
243 7985
4962 6319
8884 4255
9018 1415
5282 9825
9100 8488
785 3013
3900 9804
311 4238
8090 3499
6207 8828
8352 371
3649 6265
743 5648
1773 5716
1119 8928
3284 3024
1568 3764
2472 4416
6916 4536
6889 8428
8643 2796
3902 9839
8534 9779
4845 3688
7045 7999
7014 5240
6591 9816
4740 3634
9552 9378
6373 4083
8401 3914
2850 1603
5763 5183
5414 3497
6180 4490
2913 4177
989 1570
7024 966
4740 5812
1184 1969
1649 7809
3812 3710
900 4487
7087 1163
3325 5109
5982 7905
1394 5684
7807 5784
1859 4668
6188 8837
6841 9809
1457 3084
9915 8223
9086 4407
879 1648
1618 3457
1767 3056
876 4165
5517 7307
9981 6773
5809 9009
928 6989
7497 8753
9627 4445
6829 4263
2129 8596
8206 5302
2141 2779
4423 2833
3345 5336
3544 8772
8753 5086
2078 6932
9481 9490
5532 9038
4986 8072
6017 3356
4580 8771
7470 9853
7373 2423
5916 6852
176 413
6333 3662
2536 9370
5320 2139
5643 4155
4392 7302
5 151
693 612
1304 2028
4926 250
1963 6326
6775 6810
1610 2746
6228 7362
9422 5677
1241 3430
2304 6394
7200 7001
6971 2377
6736 1643
5329 1686
2857 7429
9555 507
6645 922
2446 791
6170 6224
7457 5524
798 8534
7197 815
4362 334
5923 8475
2345 8737
2479 156
6110 9481
7720 4335
5638 8656
8828 1638
4985 8116
8392 7853
5008 1616
4140 9070
6572 5197
9819 7807
3817 5020
9826 1992
3857 6967
1671 208
9156 1272
1449 8300
7403 190
3668 619
4039 5334
8007 3404
5791 4532
7148 7483
3773 7345
5751 2647
2523 8780
1264 9685
4409 6183
3332 752
7882 3930
8555 3831
2213 9928
6303 6824
3374 2468
3556 5826
6745 3348
2915 8322
1142 8187
5838 4653
2159 5012
8682 511
3713 1475
5920 5410
2497 9080
6728 748
9306 6673
989 9986
5170 7580
5260 8914
2604 4358
1491 2740
8177 2271
6388 6579
6382 3687
1452 5696
3219 6579
6055 2418
9353 2701
2808 8289
1487 3438
8237 6117
638 4178
5257 2914
262 5830
1385 8918
2987 4189
6984 200
7618 2639
1544 4216
2771 7558
6107 8944
3550 8571
8630 6645
1410 5036
8273 8444
2455 7306
5127 9446
9356 5562
5734 1692
8215 8759
1065 3579
5563 6035
5774 8522
9759 4504
2692 1949
6537 4531
6807 2496
4144 1886
4639 9384
4333 5232
5226 2520
9241 8156
8514 6414
1534 7673
9538 8559
8789 5814
820 2053
4944 4668
5976 6730
3687 4741
153 3317
4131 2817
1112 1365
4615 6292
1978 192
6583 9402
4828 9368
7673 3385
6680 1030
4773 3502
8616 6846
9159 1469
4465 5259
3714 4389
9773 861
8063 9416
9764 6282
3583 7264
9884 3961
1274 7002
4032 3064
7815 6590
9670 7421
4421 4825
2643 8010
4412 3275
9438 7303
3067 479
3730 4820
5610 6832
6232 2292
2465 8944
4619 3631
662 2277
5460 3591
2306 7381
3513 4547
5869 9954
7927 7054
7795 3546
1795 9823
5983 5635
5763 7695
7314 5480
2364 5631
3162 9478
1524 1260
5375 1882
3823 9067
655 228
7250 2750
6329 1461
3039 115
3254 250
430 5572
2873 2086
2706 2250
6017 9857
9866 3076
1534 7439
1717 6077
2145 9559
1213 5718
5883 2224
5073 5079
5842 6941
794 5582
1979 6679
1665 3851
6712 8333
1986 7224
9503 5855
8793 7489
987 1480
1275 4670
4378 5266
2304 3819
9073 1501
6086 2539
4109 9865
1604 895
4578 9342
7845 1973
5740 4805
8630 5304
8292 5253
8405 8953
3680 9592
3131 5330
6993 5300
8477 8168
1601 2286
5718 2467
9109 6260
2147 6855
7105 3381
6000 624
4915 6917
3261 2542
7157 9081
2142 6089
5707 6335
1115 4728
247 8541
9112 1971
8432 4747
2391 8047
313 9254
4948 4015
4293 8349
4936 7301
2407 530
7013 3155
4929 7037
920 2990
4126 7241
8607 4167
2297 9058
4569 5276
5138 797
4883 2605
44 5485
4857 3072
9617 9267
7933 3313
9834 8654
9708 1726
5066 8265
1148 4810
9724 2695
6228 1508
7745 5486
5579 4941
3634 7482
6697 2584
7001 7928
7819 809
1533 7135
5106 1120
7928 9767
2703 3623
6881 3148
1006 408
8653 8048
1935 6415
6821 6468
4303 5246
7611 2895
9908 1748
6527 7562
9019 9941
8408 8991
5991 8146
5474 6006
5560 4350
138 1933
3779 6017
2278 1687
4594 453
1547 4024
1511 4091
1342 5499
1245 2593
488 3195
2510 2673
3871 815
1392 3671
5687 1554
3314 3256
7080 5232
4302 8826
8097 6572
4327 7802
4090 2107
6502 511
4296 2487
4618 5085
6942 1377
6205 9920
698 6782
7535 2317
9660 6831
7264 1573
2325 3580
5998 704
3770 8966
4615 650
355 9351
7348 3648
3458 1681
8409 4999
6443 7471
2974 7814
619 5904
4371 4306
4067 2303
3939 2822
1302 1379
218 8383
227 9148
1662 7494
7182 3781
12 7961
9106 5585
2547 80
5344 4646
8812 2243
7416 3766
4814 1671
4174 8996
8330 7906
4787 6859
1112 8138
1666 945
1368 6421
5219 7342
9888 9616
7733 2783
7716 2189
6583 5156
9153 9785
238 1916
712 9872
5897 3093
8902 685
465 4844
2033 5633
2583 13
8794 4222
5595 4383
124 9883
5210 4125
2166 8428
6490 9685
835 7237
7371 4785
7927 1232
4403 1428
9168 6756
9600 7690
348 4580
4118 7348
1288 5757
3320 959
2146 8059
4615 9254
4039 3005
8083 3819
2938 8084
425 4330
5052 6528
5347 5824
4062 3597
7421 4382
8433 8001
3180 34
3288 1493
7221 7080
8352 5042
6157 4552
200 9727
8707 459
3165 3571
5561 5181
6404 533
4517 7720
8540 4536
7251 8725
6387 2683
5732 8334
1749 4318
3057 2203
4431 4334
8922 9805
6227 6195
2097 8558
7687 1657
2392 2065
4105 2996
5458 8027
7745 6051
5599 1563
5567 3330
6565 9630
2059 8355
5706 8767
1736 9744
8233 5157
6310 9695
5822 6822
2357 9136
6679 7776
4919 9613
8994 7236
5263 4361
2782 1385
6206 5158
3059 5202
9329 4010
4019 2433
7916 1300
4963 2002
651 2516
9709 2588
608 1930
4932 623
2248 2583
4611 4933
3976 3176
3415 2319
8378 4117
5667 9601
9070 3049
814 1645
6411 489
7821 4910
6609 2267
8827 7829
3727 3691
4470 5413
6871 5488
6934 4814
6695 3887
3872 2158
618 1493
7367 8846
4218 5379
8527 2597
9226 8776
2530 1269
2369 7722
2238 3198
4570 6979
6358 8986
666 1999
2618 5685
6638 5395
3745 3115
5590 7106
8590 9897
3790 4187
9304 984
2944 310
2205 8125
7088 8263
4614 7044
5522 8045
5574 2961
3867 3854
7349 783
1852 5993
3687 2528
612 6104
9704 3839
5484 1495
6362 99
5187 2280
4070 4432
1160 1688
6262 4421
8258 8532
8715 9355
9803 7196
9316 170
6907 4706
4244 4289
2027 156
2437 1564
8767 2112
3260 5753
8026 727
6147 4960
7717 8517
739 6440
7964 6489
6352 8583
7105 7688
4078 5054
2217 6781
9917 8584
4361 4327
3630 9633
3759 6621
3037 8368
7604 4192
6042 7783
9293 8427
1241 4500
4731 9148
3013 7555
2798 3703
3826 7734
788 5368
5761 988
2626 9207
4080 7383
5242 5474
2166 8414
9532 7606
5666 3255
131 2517
1907 1443
4240 8946
4336 3496
3190 8950
1889 8634
7456 4211
9534 8415
3236 9015
9038 9536
7562 9652
8207 8389
6048 8053
6054 7713
6441 7670
3004 2062
8759 2561
7904 4517
6612 4383
6195 5119
1252 1977
9173 1443
1970 5933
9495 7595
5032 7350
3685 4063
2043 221
5472 4666
2123 9459
5195 1291
4649 8617
6454 7154
5995 8178
2469 2179
8719 2175
7280 3076
7034 7797
3607 9339
6818 3193
8987 9833
4151 5275
9919 8108
2310 6321
9229 1209
8400 3620
5180 9926
4808 139
8286 1418
5142 5312
6517 1451
2215 9575
9253 8213
5139 3616
3153 1520
5515 8174
9011 1193
5766 8490
3690 5411
143 4956
79 8432
7148 6442
8037 5180
1959 6435
624 5756
4943 3617
368 3581
4426 2503
7465 5067
7815 9489
2507 3594
93 1742
5310 2647
4653 3285
7564 6612
9512 3576
358 8771
4444 6801
3456 8634
7982 1961
9310 6001
8420 429
7563 1487
7121 7384
1774 3928
9164 2067
1320 9149
7426 3285
9577 6812
2303 4894
883 5294
7153 4494
2161 3508
3382 3844
4624 3391
7622 2971
3175 9677
1485 1339
2940 4559
8020 2175
793 6787
588 2155
5876 235
2638 1379
7618 4447
8639 3392
1461 2536
4312 147
3251 9629
5573 1569
9926 1002
7558 5089
5227 2964
2071 4940
2996 8934
1859 8056
6046 1483
5763 5704
490 2866
4180 4179
7646 7713
4531 5121
4768 2707
2845 5287
5443 1803
4814 1286
8863 9767
9168 8957
7744 4570
7673 7958
9641 8094
7329 5843
8935 3367
6606 4468
7165 5123
4425 5082
8353 4066
8246 8343
9003 198
7410 8043
5410 5737
6931 1634
9850 2911
1692 2401
771 4816
1106 5623
2644 6946
128 2489
9187 4599
4629 20
5361 3558
1182 9935
2780 9170
3023 5372
853 9103
605 2907
5165 392
7561 3472
5826 8400
5755 742
1511 2772
4047 4139
4082 9971
6218 6440
6486 7493
9859 3162
8556 5634
8135 6100
76 92
5554 7848
9839 9150
1789 9242
3217 1246
2916 8038
6503 140
5650 2337
7016 9835
1038 9534
4620 3981
8933 2917
9518 893
8625 3811
7301 743
6712 3325
4719 1212
4125 8050
5502 7716
5995 5721
8011 3347
5034 4639
3586 5383
232 5684
957 2313
4596 8703
4575 6662
6986 4133
9411 3530
1490 7752
3715 990
4546 4445
562 7513
5932 761
8171 4638
8117 4820
816 9930
1514 3181
8703 5253
1823 2792
3265 8312
495 6174
2665 9372
4587 9935
9793 4402
5964 5962
9037 9755
7886 8238
7464 8696
9516 5992
5196 2324
9509 4832
1283 6328
9907 6314
92 4835
8630 2036
9066 8864
1955 6563
789 8023
1137 40
1177 9918
9708 801
3022 3603
3899 2112
5424 2603
6547 7444
6147 1365
5565 4963
3895 3727
2619 7102
8057 9433
6213 7342
4581 4579
8220 9290
3272 3036
2804 7264
9693 8060
7855 1252
5104 3190
9674 5645
8998 7541
6254 8767
1009 5048
2702 965
9714 7465
9953 41
5043 3321
2077 3125
3013 2491
256 7693
3665 3819
9551 1093
9549 2587
9152 999
4417 4799
5884 3005
9406 4407
6294 2324
1150 4100
4477 7069
9170 4642
7680 6726
1920 2171
8471 4194
1912 9126
8088 3652
3762 7844
5260 9522
1883 2017
4715 8016
4812 7373
3824 7916
8688 5990
4321 6385
8673 5676
9885 8713
6141 8110
590 6589
3633 7852
1098 3448
7866 6432
1325 3722
9305 2289
963 231
2566 3231
7803 9220
2187 9516
4849 4958
7307 7706
6975 2256
9979 412
4322 1457
597 7454
6141 6835
3983 7111
6069 7547
895 519
4089 5571
9295 5062
3047 3561
5098 4373
5726 5747
2777 8374
9081 2644
7033 9963
2752 5501
4879 7915
6375 1
30 379
3592 4657
6780 8626
1633 7326
4746 9029
5578 66
303 4919
335 139
2444 4578
7148 3448
3236 5627
5462 6867
8974 6269
7424 5614
9674 4580
6968 2565
4500 3257
4551 2871
7540 6688
4595 6757
4269 9175
809 9900
746 9766
6198 2237
9444 9158
9733 6692
4563 9240
2252 5105
472 3627
5673 1493
3382 1200
3799 2085
8113 904
6344 6088
9253 747
5646 3447
3995 1473
9364 9381
8322 6199
3794 5281
8623 8763
7736 9731
3725 7349
536 9439
2811 5869
8375 8109
8581 1623
818 1080
2280 1539
228 9874
3082 3800
8365 2049
2962 758
6185 7275
9381 9107
8428 203
9967 4382
4788 5358
4440 1022
5590 1087
2191 2072
6575 2361
2354 4130
4122 7659
6793 8882
9508 9701
9318 7880
9329 4880
1493 460
4985 8122
2959 7203
9381 7438
3763 6712
9428 7988
4538 7871
700 876
4342 4756
2226 6506
1049 8248
1613 5206
6177 7509
1598 8245
3734 3325
1925 6562
1529 8274
730 693
7522 9670
5640 8736
7115 1826
4278 6591
7105 2286
6575 7131
6429 111
7365 3180
671 9333
4221 1332
5530 6281
8633 8913
631 7973
7523 96
8633 3764
2254 8527
272 4149
8892 3229
1337 681
2131 517
3922 6505
6705 7385
4465 2573
9523 8643
7586 7847
6477 8366
5032 8187
1190 7522
8159 7938
7195 4480
8875 2195
2504 1981
2945 8468
7417 3266
6074 5251
3226 96
8653 4686
9462 7883
6172 667
9751 9785
5172 6077
1955 7751
4047 9373
9889 2144
8752 5416
4682 2400
1919 4981
9528 9785
553 6871
1448 1862
5098 4184
7649 7279
2564 102
5032 6475
5793 3783
5257 3431
6404 6715
8371 7102
3332 277
2314 7195
8927 1223
2358 6221
1360 9748
1316 8438
7470 8683
9984 6733
5833 555
1619 8080
8003 8554
1541 5437
7966 4336
7085 7823
5870 6041
8954 7782
5273 937
9454 2664
4916 6838
6546 7806
2175 6050
4511 7518
9598 8538
8291 266
4842 9044
8730 8525
7083 1066
6316 5347
1078 5502
8207 856
4772 1536
1488 6392
4029 5673
1472 7335
883 6665
6283 449
1071 7537
214 9543
499 8825
1419 331
9154 1030
935 8683
1726 7126
5445 8125
735 7197
3498 3256
4729 4639
8555 8715
28 8602
3408 1710
848 9192
3173 2624
8903 5910
938 4949
7631 6553
5703 7823
7137 1513
3656 2632
9093 7138
5082 5749
2461 5619
3244 7727
9546 4714
9035 5859
1297 5579
9816 8199
4820 1129
7601 7142
8840 2955
8137 8001
3674 746
1019 9479
8793 1259
3650 22
5706 7340
49 9519
2942 1309
9582 4217
125 2531
4244 7323
7344 5234
4642 6343
7912 6463
3764 7296
9779 8664
857 9231
3321 4754
7517 1021
7407 124
4835 5999
4269 1159
4094 2873
4724 3230
6205 459
4721 2973
5616 8940
9794 2753
9926 7620
5650 8543
7714 1200
7474 954
7674 9909
5048 3690
7611 4456
2743 6934
7539 8283
8933 2029
4106 3206
3622 6720
4495 1994
2589 7462
8227 9942
6534 8148
3408 2152
9282 9393
3230 8156
9289 8890
4904 9275
2842 154
1776 7865
7609 1558
4584 9690
9645 475
7213 3541
4804 5814
5707 5448
2629 3176
9010 9925
860 8252
3475 6234
2036 1302
3018 8147
6699 7296
5311 2015
9027 3979
4384 7551
9480 9941
3938 8657
7171 9434
6250 8548
6897 947
5355 1781
2449 8391
2926 315
3588 754
3634 3903
3762 1779
9519 5069
9840 1027
5685 6190
8079 3496
8703 2847
5631 1525
3264 8828
3861 2531
2431 6180
1515 3705
3771 1288
2586 3291
3303 7221
2888 5412
6260 7905
5678 7563
1139 4640
2608 1476
5170 9624
1724 9504
9959 9596
3082 8321
6294 3828
7814 9178
3004 2285
324 9347
9204 7408
7878 5728
453 3462
7476 2136
9810 1289
3591 7091
5346 4898
9374 8334
5082 7122
6563 6118
1530 5327
1595 5699
590 2541
6861 5101
8716 7783
9095 1585
9106 1874
4035 926
7891 4968
7076 3347
6533 7326
136 648
4311 1928
5491 862
1288 7508
9508 9246
4979 7770
2902 40
762 6604
8006 306
9521 303
258 9137
1608 1581
4440 9730
649 4247
4362 6517
5255 4786
1509 7059
1137 1876
123 5818
4221 6115
3380 268
9341 744
5450 8538
5057 9431
3853 9782
2596 4794
9140 2841
5209 9626
4875 7898
343 6199
1139 3358
8446 3655
2939 4919
9162 4154
9145 2749
1733 8460
6188 2156
1777 1381
6150 8145
3048 5031
3898 7130
9014 7507
1054 7490
3981 1916
9414 9434
1947 3697
8860 3633
1363 6575
9484 8838
5048 1546
2978 6434
9589 2313
4338 390
2369 1709
1791 4430
3772 6739
8179 888
2818 197
7238 1431
5172 2633
108 588
1397 5170
6704 6592
6739 564
7359 5674
3784 7804
4591 608
4009 5704
4747 7151
7699 6870
416 1445
7470 5840
7849 7805
129 5862
1917 7775
8413 8919
4090 9203
3781 4679
6256 9624
5164 2927
5947 7515
253 8413
7360 8416
1998 1187
3505 3209
410 2403
1103 1877
8494 937
1308 2510
5759 6510
4069 3125
2243 7442
2518 7481
3325 8441
4466 2397
937 2377
3594 3301
515 5329
7073 30
4791 7722
6878 6172
9816 8571
5728 4393
9309 1036
3615 5552
6841 310
2569 9114
8213 4843
3295 8661
550 4787
2392 1807
5112 8574
2743 3351
6066 6187
1887 449
5523 8036
5587 9032
2074 3821
8062 205
6502 8645
5669 5337
9228 7506
6129 8277
167 7261
8082 6877
5374 68
6953 3177
8167 958
5062 6545
8445 2
9895 5046
2763 7023
9643 4132
6884 7815
8692 3123
905 409
3322 2499
2654 8050
7704 9268
6612 9238
8017 3999
2157 4743
4334 5859
2742 7117
1553 7826
7699 4914
6809 1801
648 238
4128 6857
1094 2412
5857 5279
4784 9595
7227 5486
1685 8303
5341 1060
7117 127
8830 1492
1127 4837
5463 7647
9855 8638
1699 4483
7283 6272
5082 7896
6041 7779
8200 7919
7713 1262
4743 1978
5189 7987
3233 3088
7924 4001
1574 2991
1884 8613
1837 4690
6224 2960
9691 7899
3884 781
1923 7855
5356 9054
4231 9655
6456 7567
1739 8085
4204 909
7593 2559
387 2490
2156 6414
4913 6607
9602 633
9807 2950
7920 4532
8670 7487
3402 3125
43 5389
6269 2279
6194 1750
9278 3560
4279 619
2698 7181
3212 7244
9716 7751
9482 8186
1052 9748
2763 9456
6666 2544
280 6711
641 3520
7385 9019
8913 6490
1728 3557
1484 4038
5774 4472
9546 5954
9513 4200
2094 3318
9528 4638
4891 5435
6027 2428
2905 343
3033 8906
8397 7376
32 2826
6334 2728
5235 7889
2638 5440
6503 5576
5471 3120
4387 4626
2317 4426
7987 9850
2282 2199
782 3762
6615 7899
4615 5933
2295 7701
4871 693
9028 4860
9571 7816
2878 8943
4244 5569
9953 8583
8304 2166
8986 5187
345 6427
3530 6501
8870 7701
8464 8461
4726 5467
7928 8288
6516 3338
5186 555
1524 7007
8533 256
2222 837
491 4354
6406 9857
8432 300
5516 8209
7654 9591
7556 4473
7418 7974
7266 302
7189 4222
9788 4269
7871 4223
4112 128
5057 7317
2347 3677
5498 638
7119 1849
395 8476
2005 2788
3206 2011
7020 5421
9247 806
6713 2264
1248 2870
653 5320
6928 4796
7414 4687
7259 9826
3346 7928
4072 3797
3450 7603
9394 3068
201 5292
881 9198
2750 8996
5063 6978
2706 5539
1285 9884
2469 3084
7019 3327
5950 507
9470 2145
3866 7468
6627 2870
2855 1925
9587 5484
1487 6086
7873 500
4300 5389
8655 1727
7388 449
3004 1614
798 1312
5642 498
3157 8410
9234 8118
2043 7287
8207 9838
9757 9234
7561 660
4715 4387
2182 2648
5773 1774
4019 3367
274 1383
9738 626
776 6745
2795 3334
5628 680
3564 4591
9895 9909
9145 1907
5041 3641
5277 1497
9110 547
8940 3911
386 4233
4456 6319
3986 8917
4309 2601
3819 5868
3130 3783
4557 5724
6868 518
5005 3188
7272 8284
8885 7814
8549 9683
1644 9474
5863 525
2860 8271
7057 2923
2065 9901
5731 9796
5232 5796
7444 6762
8546 2470
9815 8788
2259 8338
5949 2764
4810 7513
4240 1904
8316 2284
430 312
2919 3530
2634 6410
9110 7626
7876 5983
972 6392
928 8869
6515 4243
7544 7671
7250 7890
5971 6993
7763 4532
3071 8641
97 4920
4971 214
1952 1738
5299 7583
7489 8825
6792 6660
7751 9340
440 6551
2468 5019
304 235
1722 3634
1386 1540
1767 9922
1638 7079
7487 4137
1959 2580
6438 2639
3970 4239
8929 6119
4895 9539
999 3172
3557 5120
6338 3909
4318 5551
4186 9315
9679 7181
8672 4656
7772 2372
8901 1965
1031 6427
5822 1955
9778 2873
8326 7540
2208 3308
651 6241
3119 9874
6649 8202
2 2495
2519 9432
538 6117
9262 8469
6923 4522
2532 5612
6158 3178
7507 5315
1404 9672
3829 8200
7306 80
5137 14
6596 9379
5010 1136
5358 6485
5465 5622
7349 8745
5747 2710
2551 7506
9102 2394
1788 7333
3224 7221
8193 7621
9678 2163
3317 3721
2252 6890
6760 230
9498 640
5951 8596
2541 2281
9220 7445
2887 7684
7571 5656
820 3461
8825 6479
3040 6935
6603 3366
7529 2809
3639 1923
1515 2085
3216 9277
9039 2066
4048 6328
3897 569
395 5106
3373 1197
2629 7509
8155 1080
5392 7173
365 1330
879 3638
3216 7257
7066 9097
513 9623
8217 2789
7309 1354
5008 5442
4074 7233
2270 1969
7719 2768
1188 1891
5787 1922
9007 6999
9027 6897
2880 4915
6862 7338
5711 3191
9701 6848
258 2955
4064 7525
6413 6753
6686 6028
7743 6947
3588 6690
4545 2747
1424 2338
2471 9863
9842 2675
1152 8032
4649 4404
2861 7700
1212 4534
1388 9151
2604 6024
2092 4643
2515 9666
6521 6602
5699 3520
917 7293
7273 4430
5103 3723
7785 6674
3644 8851
695 8014
874 6860
458 7224
4196 6702
1123 2674
3532 5763
7133 791
9554 6844
48 4200
3403 2302
4472 3465
1486 2618
4392 8270
26 2616
1833 1764
970 7616
7166 7842
8434 7711
6979 5622
3386 3363
8679 3086
6466 3579
5127 4899
515 4718
6852 3407
7221 5780
5316 6204
2389 4475
2310 7502
7809 7362
6639 7664
5542 8815
7376 8246
7504 9864
115 4137
3534 9099
7524 7659
2807 9522
118 9708
3267 7088
3972 7239
7248 4976
2975 7276
8317 1970
3061 3914
6717 2494
5440 2514
9594 6166
5830 6263
4972 1844
4065 9892
5951 3148
6891 504
572 248
5779 7848
7714 5131
2349 4295
3839 9734
9837 1365
2428 5788
3904 6202
5313 2310
287 6279
7956 3583
7400 1185
5 9549
3487 1601
2809 959
9487 5036
6941 3330
2751 83
5693 4148
4178 3740
5305 7319
4249 1123
3070 2584
6085 6703
8347 7676
3124 4962
1255 8751
2641 806
875 2660
1201 3250
2681 6041
6367 205
3475 9802
6382 9889
4253 2493
8045 6674
1884 5871
3164 948
833 9716
4967 2242
8543 5017
3835 6859
9475 116
5571 9658
8879 9719
202 4452
2572 6117
8823 847
8963 3809
7358 7847
7607 1830
1525 5294
2741 7003
4615 3428
19 6420
4861 6960
8897 5270
1482 9690
4716 2688
4900 2801
1013 1011
682 8900
3621 1739
4089 4048
3695 6374
2239 1736
1381 1155
6333 6146
5490 5203
1046 4567
6571 7805
201 4139
7645 3010
2573 7915
2872 384
8422 1592
4590 6127
3656 6932
3419 3761
9852 5920
2508 7170
4656 4705
1036 1577
8339 6536
7331 1557
5724 4156
6984 6952
2575 476
5220 4961
7282 1451
7872 3950
3793 7680
6685 8188
2006 5011
8566 6259
7217 2484
4900 8111
4391 4585
3308 7341
4193 4454
9478 5180
1299 4043
203 9571
5439 9559
5857 6187
4101 9465
6843 4834
9715 3725
5367 6675
8593 4359
2081 6924
9211 7785
4358 8760
3825 3314
2471 2119
6992 7806
1155 8579
740 9202
7790 9786
5244 1072
2723 436
1485 1858
2361 5331
1822 5954
5121 2239
106 9218
620 3650
9679 4343
4176 8581
9219 4676
7677 3240
7628 7371
3214 8047
6840 4964
228 8908
4092 9572
4690 7641
4596 9899
6549 9882
9884 1094
4851 1004
7025 9002
5807 6493
1414 7482
8677 4076
9713 1411
6462 8204
8394 9016
6709 9481
4497 1316
5614 7158
3621 6926
1653 3305
5615 9750
2273 2777
6968 8250
4467 855
9421 8358
2548 6319
2162 9255
177 2592
617 5182
5961 2524
224 5406
8816 2251
1956 8270
520 3499
9795 1738
2956 6479
900 3679
5777 5632
9229 7446
6966 5600
6540 4795
4248 316
4016 326
3966 103
2495 3409
9417 6841
7392 5444
5095 8819
9310 1948
8063 3998
6413 4212
1904 845
2444 7107
7077 515
7642 4266
5497 670
6830 6455
3157 6048
3775 5792
7583 6245
9736 9972
6283 5349
5556 2212
5129 2254
5101 6137
3396 1360
8056 5748
2371 6504
694 7698
1026 7401
9532 1383
6954 6
5070 7279
6764 3782
5690 8113
8741 7754
6835 1655
9132 1644
7982 327
8247 6824
4298 7622
7739 3633
289 6302
7528 1208
5811 1681
5659 9191
2915 9626
510 349
6863 1956
6653 3097
3149 3641
5447 7870
4945 6445
9108 4208
2034 6550
4807 4685
5100 209
8685 7626
9370 7720
7020 3587
4585 5348
3116 8035
6790 865
1052 9361
5409 2015
5540 8844
1894 3887
4739 9571
8213 4184
7968 9750
8901 3018
7672 7703
9392 968
3806 606
9625 3033
5925 3225
5913 9994
7988 4174
455 7882
9478 1703
5472 4175
2676 4413
653 8361
7043 3977
5936 3998
8867 283
3066 8704
1465 9487
9682 1292
5258 3780
3822 7657
1586 1344
9099 7617
3823 6792
905 6253
9863 1867
2446 2253
3409 2129
7931 551
8430 3766
6498 7387
7527 8743
7732 4729
8770 4485
5874 9662
3732 5453
7585 7374
9735 9460
1273 6807
7901 9031
8316 554
1790 7192
9223 2949
3544 9562
2200 4488
2767 9013
1180 2335
900 3952
3458 4141
7830 8508
271 6866
4151 2650
7124 8388
6914 5108
3787 2017
4264 2836
8615 8343
9058 5327
7784 7245
9973 5400
2987 8401
4743 7399
3110 6844
8052 8880
2007 904
9195 9327
1147 4728
7935 394
1162 1662
11 8062
7135 705
1624 1706
3642 9356
9252 3035
5984 169
38 4897
5143 5153
6096 831
5632 6891
8439 7311
1222 6147
8036 7499
1315 9827
9082 2954
4082 9510
6399 23
3343 4408
8947 8476
5468 5455
2251 5534
7635 1954
2087 2009
7985 2120
9824 3354
6361 1418
1560 521
6589 6657
5725 2566
9808 3065
6547 9488
9833 3817
824 1620
1840 161
8014 5538
8668 1077
6150 1972
7835 3612
6764 1265
